5 0.188 0.685 0.152 0.355
0 0.124 0.7316666666666667 0.248 0.3516666666666667
0 0.487 0.20166666666666666 0.214 0.4033333333333333
3 0.458 0.805 0.098 0.37666666666666665
1 0.37 0.39 0.117 0.34833333333333333
2 0.686 0.4483333333333333 0.084 0.2916666666666667
1 0.643 0.34833333333333333 0.094 0.31166666666666665
2 0.803 0.535 0.104 0.295
1 0.937 0.4816666666666667 0.103 0.2633333333333333
5 0.904 0.36333333333333334 0.152 0.36333333333333334
1 0.801 0.3516666666666667 0.143 0.42833333333333334
3 0.693 0.12666666666666668 0.107 0.25333333333333335
3 0.923 0.8216666666666667 0.098 0.30833333333333335