3 0.063 0.48 0.114 0.3883333333333333
3 0.556 0.6366666666666667 0.094 0.32666666666666666
3 0.605 0.4866666666666667 0.102 0.385
3 0.692 0.465 0.065 0.295
2 0.442 0.7933333333333333 0.066 0.23166666666666666
2 0.495 0.765 0.061 0.23166666666666666
2 0.626 0.7016666666666667 0.124 0.37833333333333335
1 0.118 0.5666666666666667 0.119 0.35333333333333333
4 0.347 0.23666666666666666 0.039 0.3233333333333333
5 0.624 0.11333333333333333 0.047 0.19333333333333333
5 0.685 0.10333333333333333 0.041 0.12666666666666668