0 0.264 0.8033333333333333 0.228 0.3933333333333333
1 0.315 0.52 0.11 0.31166666666666665
3 0.47 0.42833333333333334 0.11 0.5133333333333333
4 0.495 0.78 0.053 0.42333333333333334
3 0.842 0.8516666666666667 0.08 0.2966666666666667
2 0.609 0.53 0.094 0.28
1 0.571 0.44166666666666665 0.086 0.3016666666666667
5 0.802 0.44166666666666665 0.124 0.3383333333333333
1 0.727 0.595 0.088 0.275
3 0.962 0.595 0.076 0.3233333333333333
1 0.717 0.41833333333333333 0.126 0.40166666666666667
3 0.602 0.16833333333333333 0.091 0.33166666666666667