3 0.29 0.28 0.057 0.165
5 0.159 0.10166666666666667 0.082 0.20166666666666666
3 0.782 0.18166666666666667 0.088 0.32166666666666666
3 0.86 0.21 0.107 0.31
3 0.95 0.3433333333333333 0.1 0.42833333333333334
3 0.764 0.6716666666666666 0.085 0.28833333333333333
3 0.809 0.8616666666666667 0.101 0.27666666666666667
2 0.406 0.315 0.063 0.20333333333333334
2 0.465 0.3433333333333333 0.06 0.2
5 0.69 0.15 0.072 0.285
3 0.961 0.07 0.057 0.13833333333333334
0 0.524 0.5433333333333333 0.289 0.21166666666666667