5 0.079 0.9 0.079 0.10166666666666667
5 0.399 0.9383333333333334 0.138 0.12166666666666667
5 0.426 0.8933333333333333 0.144 0.14333333333333334
5 0.564 0.595 0.042 0.17833333333333334
6 0.474 0.45166666666666666 0.124 0.8266666666666667
3 0.668 0.6183333333333333 0.075 0.37666666666666665
4 0.665 0.3416666666666667 0.021 0.225
3 0.761 0.5933333333333334 0.09 0.34833333333333333
3 0.851 0.5916666666666667 0.094 0.36
2 0.904 0.8 0.056 0.12833333333333333
3 0.929 0.5633333333333334 0.085 0.375
4 0.766 0.29333333333333333 0.029 0.2783333333333333
4 0.605 0.2783333333333333 0.027 0.2683333333333333
4 0.22 0.23 0.035 0.20666666666666667
4 0.155 0.24 0.042 0.20166666666666666
4 0.101 0.23833333333333334 0.036 0.18833333333333332