5 0.591 0.6516666666666666 0.171 0.14666666666666667
3 0.784 0.5433333333333333 0.056 0.16666666666666666
3 0.734 0.495 0.067 0.22833333333333333
3 0.612 0.535 0.126 0.11166666666666666
4 0.372 0.29 0.06 0.2966666666666667
3 0.235 0.46 0.085 0.3466666666666667
5 0.166 0.4 0.065 0.09666666666666666
3 0.341 0.13666666666666666 0.063 0.27166666666666667
3 0.483 0.13 0.068 0.26
3 0.561 0.13166666666666665 0.071 0.2633333333333333
4 0.428 0.6466666666666666 0.082 0.18
4 0.441 0.6433333333333333 0.087 0.17833333333333334
4 0.439 0.5933333333333334 0.1 0.15166666666666667
1 0.067 0.31333333333333335 0.062 0.13666666666666666