5 0.585 0.9133333333333333 0.053 0.17166666666666666
1 0.612 0.7383333333333333 0.086 0.26166666666666666
2 0.738 0.8933333333333333 0.096 0.21333333333333335
5 0.665 0.9183333333333333 0.041 0.155
3 0.24 0.7416666666666667 0.13 0.42
3 0.125 0.78 0.158 0.43333333333333335
4 0.046 0.4266666666666667 0.092 0.3466666666666667
4 0.199 0.42333333333333334 0.047 0.27
4 0.371 0.4066666666666667 0.036 0.13333333333333333
3 0.474 0.7033333333333334 0.096 0.32666666666666666
5 0.512 0.4216666666666667 0.154 0.57
3 0.804 0.5783333333333334 0.113 0.405
4 0.849 0.24833333333333332 0.064 0.2783333333333333
4 0.792 0.13 0.041 0.25
3 0.778 0.4083333333333333 0.084 0.25666666666666665