3 0.465 0.585 0.116 0.5516666666666666
4 0.676 0.6633333333333333 0.289 0.04833333333333333
4 0.672 0.6583333333333333 0.298 0.035
4 0.632 0.6316666666666667 0.217 0.03166666666666667
4 0.669 0.615 0.276 0.04833333333333333
5 0.142 0.44 0.156 0.13166666666666665
5 0.825 0.5516666666666666 0.103 0.18166666666666667
5 0.649 0.45666666666666667 0.153 0.135
5 0.707 0.5016666666666667 0.14 0.11333333333333333
3 0.792 0.37333333333333335 0.039 0.19666666666666666
3 0.74 0.33666666666666667 0.063 0.21666666666666667
4 0.54 0.255 0.031 0.435