5 0.566 0.6266666666666667 0.043 0.18
6 0.464 0.48 0.125 0.8266666666666667
3 0.72 0.6566666666666666 0.084 0.37666666666666665
4 0.716 0.37166666666666665 0.027 0.22666666666666666
3 0.826 0.6533333333333333 0.092 0.3883333333333333
4 0.83 0.3283333333333333 0.033 0.305
3 0.663 0.6 0.078 0.34
4 0.663 0.305 0.034 0.2733333333333333
2 0.962 0.8933333333333333 0.059 0.13
5 0.413 0.9383333333333334 0.117 0.12333333333333334
5 0.453 0.9033333333333333 0.133 0.15333333333333332
5 0.144 0.8583333333333333 0.077 0.08166666666666667
4 0.214 0.23166666666666666 0.033 0.17833333333333334
4 0.26 0.24 0.037 0.185