2 0.831 0.86 0.053 0.135
2 0.881 0.82 0.062 0.14333333333333334
3 0.92 0.5216666666666666 0.085 0.25
3 0.838 0.6116666666666667 0.072 0.3383333333333333
3 0.77 0.65 0.085 0.34833333333333333
3 0.682 0.6566666666666666 0.085 0.34833333333333333
4 0.692 0.36 0.029 0.2733333333333333
3 0.597 0.69 0.08 0.37166666666666665
5 0.526 0.6833333333333333 0.049 0.18833333333333332
4 0.6 0.41333333333333333 0.023 0.22833333333333333
4 0.527 0.35 0.029 0.275
6 0.445 0.5466666666666666 0.123 0.8666666666666667
2 0.312 0.8266666666666667 0.043 0.15
4 0.093 0.30833333333333335 0.044 0.23
4 0.02 0.30333333333333334 0.04 0.21833333333333332