4 0.544 0.6183333333333333 0.124 0.17666666666666667
4 0.555 0.6116666666666667 0.131 0.17
4 0.54 0.5633333333333334 0.137 0.14166666666666666
4 0.593 0.5883333333333334 0.12 0.16666666666666666
3 0.337 0.44666666666666666 0.084 0.3566666666666667
5 0.716 0.615 0.16 0.13666666666666666
5 0.428 0.30833333333333335 0.054 0.10333333333333333
3 0.882 0.48 0.056 0.17166666666666666
3 0.829 0.44333333333333336 0.067 0.22833333333333333
3 0.353 0.13333333333333333 0.069 0.26666666666666666
5 0.216 0.4116666666666667 0.055 0.09166666666666666
5 0.151 0.43333333333333335 0.082 0.17
5 0.097 0.4266666666666667 0.093 0.11
1 0.103 0.31 0.063 0.115
3 0.432 0.13166666666666665 0.07 0.26166666666666666
4 0.472 0.26666666666666666 0.061 0.32666666666666666