5 0.213 0.47 0.06 0.11
5 0.14 0.51 0.09 0.205
5 0.077 0.51 0.106 0.14666666666666667
1 0.078 0.37833333333333335 0.07 0.14666666666666667
3 0.37 0.5233333333333333 0.102 0.4116666666666667
4 0.52 0.295 0.061 0.37333333333333335
5 0.812 0.68 0.169 0.185
3 0.972 0.49333333333333335 0.055 0.19333333333333333
3 0.918 0.45166666666666666 0.08 0.255
5 0.794 0.5033333333333333 0.129 0.09
4 0.617 0.7016666666666667 0.172 0.21166666666666667
3 0.341 0.14 0.082 0.28
3 0.425 0.13666666666666666 0.074 0.2733333333333333
3 0.502 0.12833333333333333 0.072 0.25333333333333335
4 0.628 0.69 0.18 0.20666666666666667
4 0.666 0.6566666666666666 0.167 0.20333333333333334
4 0.602 0.6316666666666667 0.184 0.16