0 0.563 0.8333333333333334 0.231 0.24666666666666667
5 0.561 0.5733333333333334 0.041 0.16666666666666666
6 0.455 0.39 0.123 0.7133333333333334
3 0.752 0.63 0.089 0.38166666666666665
3 0.856 0.635 0.095 0.4
5 0.942 0.5533333333333333 0.116 0.56
4 0.864 0.3016666666666667 0.034 0.305
4 0.746 0.34 0.021 0.23166666666666666
4 0.703 0.27 0.034 0.28
3 0.695 0.57 0.061 0.34
5 0.213 0.745 0.065 0.055
5 0.136 0.7916666666666666 0.051 0.058333333333333334
4 0.348 0.195 0.035 0.17833333333333334
4 0.307 0.19 0.028 0.16833333333333333
4 0.259 0.16 0.031 0.18666666666666668