5 0.483 0.6716666666666666 0.198 0.16333333333333333
3 0.721 0.575 0.062 0.18166666666666667
3 0.668 0.5216666666666666 0.078 0.23833333333333334
4 0.323 0.6483333333333333 0.04 0.205
4 0.277 0.26666666666666666 0.065 0.30833333333333335
3 0.135 0.43333333333333335 0.096 0.3516666666666667
3 0.479 0.12166666666666667 0.074 0.24333333333333335
3 0.56 0.12333333333333334 0.073 0.24666666666666667
3 0.341 0.12 0.066 0.24
4 0.34 0.6483333333333333 0.045 0.20666666666666667
4 0.351 0.5933333333333334 0.068 0.18166666666666667