0 0.568 0.21 0.176 0.26
0 0.484 0.7733333333333333 0.201 0.37333333333333335
3 0.368 0.625 0.074 0.295
3 0.335 0.3516666666666667 0.043 0.185
1 0.136 0.335 0.075 0.21
3 0.204 0.2 0.058 0.22333333333333333
3 0.036 0.405 0.071 0.49666666666666665
1 0.05 0.23666666666666666 0.1 0.3466666666666667
5 0.352 0.11166666666666666 0.073 0.22333333333333333
2 0.588 0.5983333333333334 0.059 0.155
2 0.525 0.5816666666666667 0.041 0.13166666666666665
5 0.286 0.7916666666666666 0.065 0.14333333333333334
2 0.252 0.5483333333333333 0.069 0.085