6 0.479 0.5266666666666666 0.122 0.64
3 0.687 0.64 0.058 0.21166666666666667
3 0.744 0.88 0.088 0.24
3 0.833 0.8816666666666667 0.098 0.235
4 0.75 0.64 0.032 0.24166666666666667
5 0.833 0.20666666666666667 0.072 0.29833333333333334
4 0.626 0.48833333333333334 0.057 0.18
5 0.588 0.7333333333333333 0.125 0.37166666666666665
4 0.136 0.6733333333333333 0.218 0.49333333333333335
4 0.336 0.41333333333333333 0.009 0.10666666666666667
4 0.372 0.41333333333333333 0.017 0.11666666666666667
4 0.287 0.42 0.016 0.12
3 0.404 0.815 0.027 0.12333333333333334