3 0.052 0.5016666666666667 0.104 0.5183333333333333
1 0.144 0.33 0.12 0.3566666666666667
1 0.227 0.43833333333333335 0.083 0.22333333333333333
2 0.127 0.48333333333333334 0.085 0.25166666666666665
3 0.352 0.8033333333333333 0.084 0.32166666666666666
4 0.365 0.6583333333333333 0.069 0.44166666666666665
4 0.345 0.5616666666666666 0.025 0.24666666666666667
0 0.305 0.915 0.142 0.17
0 0.427 0.465 0.2 0.25166666666666665
5 0.416 0.21833333333333332 0.082 0.23666666666666666
3 0.661 0.23833333333333334 0.142 0.4266666666666667
2 0.584 0.8033333333333333 0.053 0.16333333333333333
2 0.657 0.8383333333333334 0.07 0.2
3 0.341 0.29333333333333333 0.053 0.22833333333333333