4 0.445 0.2866666666666667 0.07 0.5733333333333334
0 0.519 0.13666666666666666 0.198 0.2733333333333333
0 0.414 0.885 0.224 0.23
5 0.263 0.23166666666666666 0.079 0.25166666666666665
3 0.12 0.36 0.072 0.25333333333333335
3 0.301 0.8266666666666667 0.088 0.34
4 0.335 0.58 0.029 0.3333333333333333
3 0.273 0.51 0.053 0.22
2 0.58 0.7533333333333333 0.069 0.19333333333333333
2 0.504 0.75 0.053 0.155
2 0.168 0.7666666666666667 0.079 0.11333333333333333
1 0.042 0.5366666666666666 0.084 0.24833333333333332
3 0.443 0.23 0.116 0.405