5 0.204 0.7133333333333334 0.102 0.385
1 0.288 0.5233333333333333 0.108 0.3283333333333333
4 0.419 0.22833333333333333 0.304 0.45666666666666667
2 0.232 0.3383333333333333 0.056 0.19
0 0.549 0.29833333333333334 0.249 0.5966666666666667
3 0.45 0.43666666666666665 0.112 0.54
2 0.419 0.87 0.104 0.26
4 0.503 0.7733333333333333 0.052 0.39666666666666667
3 0.833 0.8516666666666667 0.083 0.28
5 0.803 0.4483333333333333 0.13 0.3283333333333333
3 0.941 0.61 0.095 0.325
1 0.707 0.6033333333333334 0.079 0.27166666666666667