0 0.32976190476190476 0.99 0.09404761904761905 0.02
1 0.44285714285714284 0.26666666666666666 0.04642857142857143 0.06666666666666667
1 0.6571428571428571 0.49666666666666665 0.07023809523809524 0.10166666666666667
1 0.6726190476190477 0.6133333333333333 0.04642857142857143 0.08333333333333333
1 0.4976190476190476 0.235 0.060714285714285714 0.075
0 0.7738095238095238 0.7583333333333333 0.0880952380952381 0.11
1 0.27380952380952384 0.125 0.09761904761904762 0.12666666666666668
0 0.4357142857142857 0.9166666666666666 0.075 0.07833333333333334
1 0.9369047619047619 0.47333333333333333 0.0880952380952381 0.11166666666666666
1 0.780952380952381 0.565 0.10833333333333334 0.135
0 0.6928571428571428 0.9216666666666666 0.1261904761904762 0.15333333333333332
1 0.8940476190476191 0.865 0.125 0.16
1 0.2892857142857143 0.62 0.1976190476190476 0.26
1 0.3488095238095238 0.15166666666666667 0.06785714285714285 0.1
0 0.5023809523809524 0.865 0.04523809523809524 0.06833333333333333