1 0.6404761904761904 0.43 0.02261904761904762 0.03166666666666667
0 0.24761904761904763 0.08833333333333333 0.025 0.03666666666666667
1 0.5011904761904762 0.15 0.02738095238095238 0.035
0 0.7333333333333333 0.2816666666666667 0.02619047619047619 0.035
1 0.6833333333333333 0.08166666666666667 0.030952380952380953 0.041666666666666664
0 0.1630952380952381 0.57 0.02857142857142857 0.03
1 0.844047619047619 0.10333333333333333 0.023809523809523808 0.03
0 0.10476190476190476 0.8216666666666667 0.08452380952380953 0.12833333333333333
1 0.7285714285714285 0.16166666666666665 0.01904761904761905 0.025
1 0.8333333333333334 0.11333333333333333 0.036904761904761905 0.04
0 0.8809523809523809 0.8383333333333334 0.05119047619047619 0.055
0 0.8107142857142857 0.09 0.01904761904761905 0.03166666666666667
1 0.8273809523809523 0.07833333333333334 0.023809523809523808 0.03333333333333333
0 0.12023809523809524 0.5683333333333334 0.05476190476190476 0.056666666666666664
1 0.7964285714285714 0.3883333333333333 0.04047619047619048 0.043333333333333335
0 0.675 0.075 0.025 0.03833333333333333
0 0.6607142857142857 0.4633333333333333 0.06428571428571428 0.075
0 0.05238095238095238 0.5316666666666666 0.05119047619047619 0.07166666666666667
1 0.8202380952380952 0.4533333333333333 0.075 0.09
0 0.2773809523809524 0.44333333333333336 0.03214285714285714 0.045
1 0.986904761904762 0.5933333333333334 0.025 0.07666666666666666
1 0.625 0.7616666666666667 0.05 0.08166666666666667
0 0.19166666666666668 0.5783333333333334 0.041666666666666664 0.04833333333333333
0 0.9047619047619048 0.9166666666666666 0.047619047619047616 0.07166666666666667
1 0.8202380952380952 0.04 0.01904761904761905 0.02666666666666667
1 0.5107142857142857 0.5866666666666667 0.04047619047619048 0.085
1 0.8583333333333333 0.013333333333333334 0.02619047619047619 0.025
1 0.14166666666666666 0.4033333333333333 0.05714285714285714 0.07333333333333333
0 0.3011904761904762 0.7833333333333333 0.055952380952380955 0.07
1 0.3773809523809524 0.325 0.04523809523809524 0.055
1 0.5047619047619047 0.11166666666666666 0.030952380952380953 0.041666666666666664
1 0.7726190476190476 0.145 0.030952380952380953 0.041666666666666664
1 0.6761904761904762 0.04 0.02857142857142857 0.03333333333333333
1 0.29285714285714287 0.39 0.04642857142857143 0.058333333333333334
1 0.7857142857142857 0.19666666666666666 0.03333333333333333 0.041666666666666664
1 0.37023809523809526 0.7833333333333333 0.05357142857142857 0.06333333333333334
0 0.7702380952380953 0.5433333333333333 0.0869047619047619 0.08666666666666667
0 0.15833333333333333 0.5366666666666666 0.05119047619047619 0.07833333333333334
1 0.7571428571428571 0.18166666666666667 0.02738095238095238 0.03666666666666667
1 0.6154761904761905 0.20333333333333334 0.0380952380952381 0.051666666666666666
0 0.058333333333333334 0.5866666666666667 0.05238095238095238 0.06
1 0.30833333333333335 0.4766666666666667 0.0630952380952381 0.07
1 0.9785714285714285 0.5166666666666667 0.04285714285714286 0.07833333333333334
0 0.041666666666666664 0.9333333333333333 0.08214285714285714 0.1
1 0.4928571428571429 0.92 0.06904761904761905 0.10166666666666667
1 0.0869047619047619 0.4116666666666667 0.058333333333333334 0.06833333333333333
1 0.5523809523809524 0.585 0.1 0.11666666666666667
1 0.8845238095238095 0.44333333333333336 0.05238095238095238 0.07833333333333334
0 0.955952380952381 0.94 0.07857142857142857 0.1
1 0.675 0.5866666666666667 0.08333333333333333 0.1
0 0.6845238095238095 0.7833333333333333 0.10476190476190476 0.16833333333333333
0 0.44642857142857145 0.8183333333333334 0.09285714285714286 0.13833333333333334
1 0.4880952380952381 0.485 0.09642857142857143 0.11666666666666667
1 0.10833333333333334 0.3416666666666667 0.06547619047619048 0.08166666666666667
1 0.25476190476190474 0.5116666666666667 0.06785714285714285 0.08333333333333333
1 0.5321428571428571 0.77 0.058333333333333334 0.07333333333333333
1 0.7904761904761904 0.6283333333333333 0.0988095238095238 0.11
0 0.7738095238095238 0.785 0.11785714285714285 0.16166666666666665
1 0.4238095238095238 0.7533333333333333 0.05 0.05
1 0.225 0.825 0.04523809523809524 0.05
1 0.8464285714285714 0.43333333333333335 0.07142857142857142 0.07833333333333334