0 0.28809523809523807 0.3416666666666667 0.06666666666666667 0.07333333333333333
0 0.8285714285714286 0.5933333333333334 0.11428571428571428 0.12166666666666667
0 0.780952380952381 0.37166666666666665 0.10833333333333334 0.10833333333333334
0 0.32261904761904764 0.21333333333333335 0.11190476190476191 0.125
0 0.3357142857142857 0.6583333333333333 0.13095238095238096 0.19833333333333333
0 0.7833333333333333 0.515 0.16666666666666666 0.21833333333333332
0 0.6726190476190477 0.32 0.14285714285714285 0.18166666666666667
0 0.4095238095238095 0.6083333333333333 0.1523809523809524 0.24166666666666667
0 0.1880952380952381 0.3383333333333333 0.15476190476190477 0.15166666666666667
0 0.45595238095238094 0.8183333333333334 0.14523809523809525 0.21166666666666667
0 0.6404761904761904 0.54 0.18214285714285713 0.27
0 0.8107142857142857 0.15 0.17142857142857143 0.225