0 0.3619047619047619 0.15666666666666668 0.07857142857142857 0.13166666666666665
0 0.4642857142857143 0.20666666666666667 0.05476190476190476 0.09333333333333334
0 0.5797619047619048 0.275 0.08095238095238096 0.12333333333333334
0 0.32976190476190476 0.6583333333333333 0.09761904761904762 0.19
0 0.6952380952380952 0.5633333333333334 0.0988095238095238 0.16333333333333333
0 0.625 0.43833333333333335 0.10476190476190476 0.14
0 0.544047619047619 0.65 0.10952380952380952 0.16166666666666665
0 0.20595238095238094 0.8483333333333334 0.12142857142857143 0.17166666666666666
0 0.8797619047619047 0.5016666666666667 0.07857142857142857 0.11666666666666667
0 0.5333333333333333 0.4583333333333333 0.075 0.11166666666666666
0 0.3821428571428571 0.24666666666666667 0.03333333333333333 0.06
0 0.04523809523809524 0.21166666666666667 0.04285714285714286 0.07333333333333333
0 0.5964285714285714 0.7466666666666667 0.07261904761904762 0.12333333333333334
0 0.6333333333333333 0.5883333333333334 0.10357142857142858 0.13333333333333333