1 0.6857142857142857 0.03833333333333333 0.06666666666666667 0.075
0 0.19523809523809524 0.03666666666666667 0.05238095238095238 0.07333333333333333
0 0.6190476190476191 0.45166666666666666 0.039285714285714285 0.085
1 0.9380952380952381 0.17833333333333334 0.05 0.08166666666666667
0 0.36666666666666664 0.6933333333333334 0.09642857142857143 0.09
0 0.23809523809523808 0.12333333333333334 0.08452380952380953 0.11833333333333333
1 0.3464285714285714 0.5916666666666667 0.05357142857142857 0.08666666666666667
0 0.3476190476190476 0.26 0.06547619047619048 0.08833333333333333
0 0.625 0.14 0.0869047619047619 0.11166666666666666
0 0.41309523809523807 0.8416666666666667 0.10952380952380952 0.13833333333333334
0 0.22976190476190475 0.32666666666666666 0.09285714285714286 0.1
1 0.6892857142857143 0.6733333333333333 0.09404761904761905 0.12333333333333334
1 0.8976190476190476 0.18 0.07261904761904762 0.1
0 0.6547619047619048 0.575 0.08928571428571429 0.11
0 0.4654761904761905 0.8866666666666667 0.0869047619047619 0.12833333333333333
1 0.9095238095238095 0.043333333333333335 0.05714285714285714 0.07666666666666666
1 0.8202380952380952 0.105 0.05 0.07
1 0.25595238095238093 0.25 0.10714285714285714 0.13166666666666665
1 0.5226190476190476 0.5766666666666667 0.07738095238095238 0.115
0 0.1380952380952381 0.315 0.09642857142857143 0.11333333333333333
1 0.725 0.12833333333333333 0.11785714285714285 0.15833333333333333
1 0.5476190476190477 0.17333333333333334 0.10476190476190476 0.14833333333333334
0 0.2011904761904762 0.43833333333333335 0.11904761904761904 0.15666666666666668
1 0.6892857142857143 0.26 0.10952380952380952 0.15833333333333333
1 0.2785714285714286 0.07 0.04285714285714286 0.09166666666666666
1 0.48095238095238096 0.12 0.10714285714285714 0.09166666666666666
1 0.6226190476190476 0.065 0.06785714285714285 0.085
1 0.7535714285714286 0.03333333333333333 0.06666666666666667 0.065
0 0.35119047619047616 0.975 0.0880952380952381 0.05
0 0.33690476190476193 0.4866666666666667 0.07857142857142857 0.08666666666666667