1 0.9142857142857143 0.585 0.04404761904761905 0.04666666666666667
1 0.2511904761904762 0.12333333333333334 0.1261904761904762 0.14333333333333334
1 0.06785714285714285 0.18833333333333332 0.10119047619047619 0.12166666666666667
0 0.6880952380952381 0.87 0.11904761904761904 0.09166666666666666
1 0.7523809523809524 0.4666666666666667 0.07142857142857142 0.08666666666666667
1 0.49047619047619045 0.265 0.075 0.15
1 0.6583333333333333 0.2783333333333333 0.04880952380952381 0.07333333333333333
1 0.8690476190476191 0.5566666666666666 0.06666666666666667 0.08833333333333333
1 0.819047619047619 0.4683333333333333 0.09166666666666666 0.09333333333333334
1 0.719047619047619 0.295 0.060714285714285714 0.07833333333333334
0 0.09285714285714286 0.355 0.1261904761904762 0.17
1 0.4785714285714286 0.12 0.075 0.105
0 0.8166666666666667 0.84 0.15595238095238095 0.23166666666666666
1 0.9333333333333333 0.5416666666666666 0.0761904761904762 0.085
1 0.5595238095238095 0.25833333333333336 0.12857142857142856 0.175
1 0.5630952380952381 0.36 0.1357142857142857 0.13
0 0.7023809523809523 0.78 0.13095238095238096 0.17833333333333334
0 0.5523809523809524 0.8916666666666667 0.14285714285714285 0.20666666666666667
1 0.5797619047619048 0.12 0.10952380952380952 0.14166666666666666
1 0.2714285714285714 0.22666666666666666 0.08928571428571429 0.12666666666666668
1 0.3630952380952381 0.265 0.13214285714285715 0.16666666666666666
0 0.18452380952380953 0.21666666666666667 0.06666666666666667 0.08333333333333333
1 0.6797619047619048 0.32166666666666666 0.03333333333333333 0.05333333333333334
1 0.7035714285714286 0.38166666666666665 0.034523809523809526 0.041666666666666664
0 0.7392857142857143 0.37833333333333335 0.05 0.06833333333333333
0 0.18571428571428572 0.29 0.08571428571428572 0.09333333333333334