0 0.1 0.45166666666666666 0.0380952380952381 0.04666666666666667
0 0.013095238095238096 0.4483333333333333 0.023809523809523808 0.04
0 0.05 0.48333333333333334 0.0380952380952381 0.06166666666666667
0 0.09047619047619047 0.5016666666666667 0.036904761904761905 0.05
0 0.10952380952380952 0.53 0.025 0.043333333333333335
0 0.18452380952380953 0.7066666666666667 0.03571428571428571 0.04
0 0.25357142857142856 0.5016666666666667 0.02738095238095238 0.043333333333333335
0 0.3904761904761905 0.42 0.039285714285714285 0.06833333333333333
0 0.3333333333333333 0.44 0.055952380952380955 0.08166666666666667
0 0.3380952380952381 0.5383333333333333 0.06904761904761905 0.09666666666666666
0 0.45714285714285713 0.435 0.07380952380952381 0.09
0 0.29404761904761906 0.43666666666666665 0.06785714285714285 0.1
0 0.5285714285714286 0.62 0.02738095238095238 0.043333333333333335
0 0.5369047619047619 0.5166666666666667 0.06666666666666667 0.08166666666666667
0 0.4773809523809524 0.5466666666666666 0.04404761904761905 0.06833333333333333
0 0.5297619047619048 0.73 0.04047619047619048 0.06166666666666667
0 0.5654761904761905 0.6633333333333333 0.0380952380952381 0.04833333333333333
0 0.5678571428571428 0.745 0.03214285714285714 0.03666666666666667
0 0.6154761904761905 0.7016666666666667 0.03571428571428571 0.043333333333333335
0 0.6035714285714285 0.6316666666666667 0.034523809523809526 0.04666666666666667
0 0.7892857142857143 0.47833333333333333 0.03571428571428571 0.04666666666666667
0 0.8988095238095238 0.40166666666666667 0.05238095238095238 0.06333333333333334
0 0.9392857142857143 0.4666666666666667 0.04642857142857143 0.06166666666666667
0 0.8857142857142857 0.47 0.023809523809523808 0.03833333333333333
0 0.905952380952381 0.49 0.02738095238095238 0.05
0 0.6595238095238095 0.66 0.039285714285714285 0.06333333333333334
0 0.6928571428571428 0.6033333333333334 0.04404761904761905 0.065
0 0.9261904761904762 0.6216666666666667 0.03333333333333333 0.04833333333333333
0 0.8964285714285715 0.6466666666666666 0.034523809523809526 0.051666666666666666
0 0.004761904761904762 0.40166666666666667 0.009523809523809525 0.04