1 0.7821428571428571 0.365 0.04285714285714286 0.07166666666666667
1 0.5642857142857143 0.67 0.08452380952380953 0.10166666666666667
1 0.6214285714285714 0.57 0.09404761904761905 0.11666666666666667
1 0.875 0.39666666666666667 0.15595238095238095 0.19166666666666668
1 0.47619047619047616 0.6116666666666667 0.125 0.15333333333333332
1 0.1619047619047619 0.635 0.13095238095238096 0.16166666666666665
1 0.5297619047619048 0.4166666666666667 0.12976190476190477 0.175
1 0.1130952380952381 0.455 0.19404761904761905 0.22333333333333333
1 0.3892857142857143 0.39 0.1130952380952381 0.17666666666666667
1 0.6071428571428571 0.6633333333333333 0.02261904761904762 0.06666666666666667
1 0.8964285714285715 0.34833333333333333 0.12857142857142856 0.11166666666666666
1 0.030952380952380953 0.085 0.05238095238095238 0.125