1 0.930952380952381 0.69 0.060714285714285714 0.10333333333333333
1 0.2988095238095238 0.7783333333333333 0.11666666666666667 0.22833333333333333
0 0.6059523809523809 0.07666666666666666 0.09047619047619047 0.11833333333333333
0 0.65 0.185 0.11428571428571428 0.12833333333333333
1 0.1773809523809524 0.25 0.12261904761904761 0.18833333333333332
1 0.06785714285714285 0.33166666666666667 0.13452380952380952 0.245
1 0.12261904761904761 0.5516666666666666 0.21666666666666667 0.26666666666666666
0 0.8333333333333334 0.12833333333333333 0.15595238095238095 0.21333333333333335
1 0.175 0.8783333333333333 0.14404761904761904 0.21666666666666667
0 0.9416666666666667 0.13333333333333333 0.11666666666666667 0.17
1 0.2916666666666667 0.11833333333333333 0.1392857142857143 0.16333333333333333
1 0.15357142857142858 0.72 0.14166666666666666 0.11833333333333333