1 0.42857142857142855 0.8666666666666667 0.058333333333333334 0.07666666666666666
1 0.5702380952380952 0.735 0.13095238095238096 0.18833333333333332
1 0.5011904761904762 0.8833333333333333 0.11190476190476191 0.14166666666666666
1 0.719047619047619 0.3383333333333333 0.10714285714285714 0.155
0 0.3821428571428571 0.18333333333333332 0.0880952380952381 0.07666666666666666
1 0.23095238095238096 0.9066666666666666 0.1130952380952381 0.145
1 0.34404761904761905 0.7933333333333333 0.1 0.16166666666666665
0 0.28095238095238095 0.755 0.09761904761904762 0.14833333333333334
1 0.6976190476190476 0.7466666666666667 0.12380952380952381 0.14833333333333334
0 0.6476190476190476 0.4866666666666667 0.12023809523809524 0.19333333333333333
1 0.5190476190476191 0.11333333333333333 0.15595238095238095 0.18166666666666667
0 0.7607142857142857 0.575 0.1380952380952381 0.15333333333333332
1 0.844047619047619 0.30833333333333335 0.1392857142857143 0.17333333333333334
1 0.8833333333333333 0.525 0.15 0.175
1 0.6345238095238095 0.275 0.16428571428571428 0.24666666666666667
1 0.49047619047619045 0.6916666666666667 0.11428571428571428 0.18333333333333332