0 0.5226190476190476 0.11833333333333333 0.05119047619047619 0.065
0 0.6130952380952381 0.6883333333333334 0.10952380952380952 0.10333333333333333
1 0.6321428571428571 0.018333333333333333 0.05238095238095238 0.03666666666666667
1 0.6404761904761904 0.07833333333333334 0.047619047619047616 0.06666666666666667
0 0.7416666666666667 0.7516666666666667 0.12976190476190477 0.16
1 0.5916666666666667 0.08333333333333333 0.05714285714285714 0.07833333333333334
0 0.5226190476190476 0.7833333333333333 0.13095238095238096 0.165
0 0.6988095238095238 0.6066666666666667 0.16428571428571428 0.20666666666666667
0 0.6261904761904762 0.87 0.2392857142857143 0.25833333333333336
0 0.37976190476190474 0.7016666666666667 0.20238095238095238 0.24
0 0.3892857142857143 0.43333333333333335 0.14285714285714285 0.14666666666666667
0 0.2904761904761905 0.8283333333333334 0.16785714285714284 0.205