1 0.017857142857142856 0.6966666666666667 0.03571428571428571 0.08
1 0.5988095238095238 0.03 0.05952380952380952 0.06
1 0.9535714285714286 0.065 0.07738095238095238 0.10666666666666667
1 0.8940476190476191 0.045 0.10357142857142858 0.08833333333333333
1 0.24404761904761904 0.7716666666666666 0.04523809523809524 0.06
0 0.9178571428571428 0.78 0.0869047619047619 0.12166666666666667
0 0.8261904761904761 0.625 0.08333333333333333 0.095
1 0.40714285714285714 0.6266666666666667 0.2 0.2816666666666667
1 0.28809523809523807 0.945 0.11904761904761904 0.11
1 0.9214285714285714 0.135 0.06666666666666667 0.1
1 0.3202380952380952 0.5166666666666667 0.24404761904761904 0.31333333333333335
0 0.719047619047619 0.23 0.1392857142857143 0.16333333333333333
1 0.6071428571428571 0.20166666666666666 0.08214285714285714 0.08333333333333333
1 0.763095238095238 0.4083333333333333 0.15833333333333333 0.20666666666666667
1 0.14642857142857144 0.32666666666666666 0.275 0.3283333333333333
1 0.6535714285714286 0.5666666666666667 0.17857142857142858 0.23166666666666666
0 0.5761904761904761 0.7033333333333334 0.14047619047619048 0.24666666666666667
0 0.17857142857142858 0.865 0.18571428571428572 0.24
0 0.7535714285714286 0.7466666666666667 0.1976190476190476 0.28
0 0.39880952380952384 0.9766666666666667 0.08333333333333333 0.04666666666666667
1 0.9607142857142857 0.6983333333333334 0.075 0.10166666666666667
1 0.6821428571428572 0.03166666666666667 0.058333333333333334 0.06333333333333334