1 0.7440476190476191 0.8466666666666667 0.11904761904761904 0.16333333333333333
0 0.7559523809523809 0.9733333333333334 0.0880952380952381 0.051666666666666666
1 0.6178571428571429 0.7666666666666667 0.09642857142857143 0.1
1 0.6880952380952381 0.6483333333333333 0.15119047619047618 0.17333333333333334
1 0.7428571428571429 0.5683333333333334 0.10952380952380952 0.135
1 0.6595238095238095 0.34833333333333333 0.11428571428571428 0.15
1 0.30238095238095236 0.30333333333333334 0.1130952380952381 0.12666666666666668
0 0.5523809523809524 0.45 0.14285714285714285 0.14833333333333334
1 0.24285714285714285 0.4716666666666667 0.14761904761904762 0.19833333333333333
1 0.4845238095238095 0.295 0.12023809523809524 0.16333333333333333
1 0.6773809523809524 0.18833333333333332 0.14761904761904762 0.21
1 0.5059523809523809 0.155 0.1357142857142857 0.19833333333333333
1 0.39166666666666666 0.445 0.18333333333333332 0.22333333333333333