1 0.5654761904761905 0.14166666666666666 0.06190476190476191 0.06166666666666667
1 0.544047619047619 0.011666666666666667 0.03571428571428571 0.02
1 0.05952380952380952 0.95 0.05952380952380952 0.095
1 0.8892857142857142 0.5583333333333333 0.05476190476190476 0.058333333333333334
0 0.6833333333333333 0.14333333333333334 0.09761904761904762 0.13333333333333333
1 0.10238095238095238 0.43166666666666664 0.08571428571428572 0.11333333333333333
0 0.861904761904762 0.8583333333333333 0.07976190476190476 0.12
0 0.11666666666666667 0.76 0.06190476190476191 0.10666666666666667
1 0.025 0.8733333333333333 0.04880952380952381 0.13666666666666666
1 0.40476190476190477 0.39 0.1761904761904762 0.25333333333333335
1 0.9809523809523809 0.24 0.0380952380952381 0.08833333333333333
0 0.8523809523809524 0.6216666666666667 0.07261904761904762 0.09833333333333333
0 0.24523809523809523 0.405 0.11428571428571428 0.11166666666666666
1 0.04523809523809524 0.6683333333333333 0.09047619047619047 0.095
1 0.45357142857142857 0.915 0.09285714285714286 0.15833333333333333
1 0.7309523809523809 0.2866666666666667 0.12380952380952381 0.175
0 0.6011904761904762 0.55 0.1261904761904762 0.21666666666666667
1 0.3630952380952381 0.85 0.12142857142857143 0.13666666666666666
1 0.6857142857142857 0.3933333333333333 0.14166666666666666 0.18
0 0.27380952380952384 0.7783333333333333 0.16547619047619047 0.21833333333333332
0 0.7535714285714286 0.56 0.15595238095238095 0.22166666666666668
1 0.5107142857142857 0.4633333333333333 0.15714285714285714 0.22333333333333333
1 0.275 0.245 0.20952380952380953 0.2816666666666667
0 0.42023809523809524 0.03166666666666667 0.1130952380952381 0.06166666666666667