1 0.6392857142857142 0.045 0.05357142857142857 0.03833333333333333
1 0.6345238095238095 0.955 0.08095238095238096 0.09
0 0.9571428571428572 0.5516666666666666 0.07023809523809524 0.09333333333333334
1 0.3738095238095238 0.71 0.12142857142857143 0.17333333333333334
1 0.4142857142857143 0.605 0.1630952380952381 0.205
1 0.888095238095238 0.5466666666666666 0.05476190476190476 0.055
1 0.6702380952380952 0.8216666666666667 0.09166666666666666 0.12833333333333333
1 0.9595238095238096 0.64 0.07976190476190476 0.115
1 0.780952380952381 0.45166666666666666 0.14523809523809525 0.14666666666666667
1 0.17142857142857143 0.09833333333333333 0.07142857142857142 0.09833333333333333
0 0.29285714285714287 0.5416666666666666 0.1488095238095238 0.18833333333333332
1 0.24047619047619048 0.21166666666666667 0.08452380952380953 0.10833333333333334
0 0.4583333333333333 0.83 0.16547619047619047 0.18833333333333332
1 0.18452380952380953 0.5716666666666667 0.09047619047619047 0.16
1 0.669047619047619 0.31 0.09523809523809523 0.12666666666666668
1 0.6535714285714286 0.44333333333333336 0.1380952380952381 0.19
0 0.4607142857142857 0.3433333333333333 0.1130952380952381 0.14666666666666667
1 0.7845238095238095 0.5683333333333334 0.1380952380952381 0.15666666666666668
0 0.0880952380952381 0.6283333333333333 0.1761904761904762 0.235
1 0.7535714285714286 0.365 0.05714285714285714 0.08166666666666667