0 0.7476190476190476 0.17833333333333334 0.05476190476190476 0.08666666666666667
0 0.8130952380952381 0.5233333333333333 0.0630952380952381 0.10166666666666667
0 0.6488095238095238 0.6983333333333334 0.06785714285714285 0.10333333333333333
0 0.7976190476190477 0.02666666666666667 0.07857142857142857 0.05333333333333334
0 0.7642857142857142 0.51 0.07738095238095238 0.10833333333333334
0 0.8678571428571429 0.08333333333333333 0.041666666666666664 0.056666666666666664
0 0.7047619047619048 0.18666666666666668 0.07023809523809524 0.10833333333333334
1 0.5654761904761905 0.7033333333333334 0.08333333333333333 0.12833333333333333
1 0.4738095238095238 0.8216666666666667 0.08333333333333333 0.12833333333333333
0 0.39880952380952384 0.715 0.10119047619047619 0.11333333333333333
1 0.7964285714285714 0.6566666666666666 0.07380952380952381 0.1
0 0.325 0.33166666666666667 0.12738095238095237 0.15333333333333332
0 0.3011904761904762 0.815 0.11547619047619048 0.17333333333333334
0 0.7619047619047619 0.4083333333333333 0.08333333333333333 0.10833333333333334
1 0.39166666666666666 0.815 0.08928571428571429 0.13166666666666665
0 0.5154761904761904 0.5866666666666667 0.09642857142857143 0.13666666666666666
0 0.0988095238095238 0.6366666666666667 0.15 0.165
0 0.11904761904761904 0.5116666666666667 0.14642857142857144 0.18666666666666668
0 0.28214285714285714 0.16333333333333333 0.15357142857142858 0.205
0 0.14404761904761904 0.8383333333333334 0.13333333333333333 0.19
0 0.8535714285714285 0.4216666666666667 0.09761904761904762 0.125