0 0.2369047619047619 0.2866666666666667 0.04880952380952381 0.065
1 0.7523809523809524 0.13333333333333333 0.09047619047619047 0.12166666666666667
1 0.18452380952380953 0.27666666666666667 0.06666666666666667 0.08333333333333333
1 0.65 0.595 0.07857142857142857 0.08833333333333333
0 0.11666666666666667 0.31666666666666665 0.0630952380952381 0.07333333333333333
0 0.5976190476190476 0.48333333333333334 0.07380952380952381 0.10833333333333334
1 0.7238095238095238 0.5916666666666667 0.1 0.115
1 0.6202380952380953 0.31833333333333336 0.07976190476190476 0.11666666666666667
1 0.4261904761904762 0.8083333333333333 0.1 0.14166666666666666
1 0.5285714285714286 0.9066666666666666 0.12261904761904761 0.18333333333333332
1 0.09285714285714286 0.21333333333333335 0.11785714285714285 0.135
1 0.655952380952381 0.51 0.09523809523809523 0.125
1 0.4607142857142857 0.71 0.10714285714285714 0.16333333333333333
0 0.22976190476190475 0.4083333333333333 0.075 0.09333333333333334
1 0.14285714285714285 0.39166666666666666 0.10595238095238095 0.12166666666666667
1 0.32976190476190476 0.13166666666666665 0.08214285714285714 0.06833333333333333
1 0.43452380952380953 0.21166666666666667 0.07976190476190476 0.06166666666666667
1 0.3357142857142857 0.6516666666666666 0.08214285714285714 0.056666666666666664
1 0.41309523809523807 0.5033333333333333 0.06904761904761905 0.09666666666666666