0 0.35119047619047616 0.4866666666666667 0.05476190476190476 0.06166666666666667
0 0.7726190476190476 0.39 0.08452380952380953 0.08166666666666667
0 0.6095238095238096 0.4066666666666667 0.0630952380952381 0.08
0 0.1773809523809524 0.58 0.06904761904761905 0.051666666666666666
1 0.9535714285714286 0.5933333333333334 0.05238095238095238 0.06666666666666667
0 0.11190476190476191 0.33166666666666667 0.10119047619047619 0.11
0 0.7523809523809524 0.455 0.11904761904761904 0.115
1 0.6714285714285714 0.5066666666666667 0.1 0.14166666666666666
0 0.3952380952380952 0.5733333333333334 0.1 0.14166666666666666
1 0.905952380952381 0.6616666666666666 0.06190476190476191 0.06333333333333334
0 0.047619047619047616 0.5766666666666667 0.09404761904761905 0.11666666666666667
0 0.3773809523809524 0.43 0.10952380952380952 0.13833333333333334
0 0.2785714285714286 0.42333333333333334 0.12142857142857143 0.14333333333333334
0 0.444047619047619 0.285 0.13333333333333333 0.155
0 0.8095238095238095 0.6383333333333333 0.125 0.15
0 0.23809523809523808 0.285 0.13095238095238096 0.15333333333333332
0 0.10357142857142858 0.5116666666666667 0.17142857142857143 0.17
0 0.9333333333333333 0.365 0.13333333333333333 0.135
0 0.6095238095238096 0.65 0.10595238095238095 0.15333333333333332
0 0.7119047619047619 0.7166666666666667 0.1380952380952381 0.16833333333333333
0 0.46904761904761905 0.6633333333333333 0.12976190476190477 0.16333333333333333
0 0.03214285714285714 0.8266666666666667 0.0630952380952381 0.07
1 0.030952380952380953 0.775 0.06190476190476191 0.07666666666666666