0 0.14523809523809525 0.715 0.060714285714285714 0.08
0 0.25476190476190474 0.7266666666666667 0.10357142857142858 0.15833333333333333
0 0.11190476190476191 0.59 0.11904761904761904 0.16833333333333333
0 0.8011904761904762 0.69 0.14285714285714285 0.21666666666666667
0 0.8238095238095238 0.845 0.07738095238095238 0.13333333333333333
0 0.9226190476190477 0.8233333333333334 0.125 0.19833333333333333
0 0.9678571428571429 0.6416666666666667 0.06428571428571428 0.17
0 0.9773809523809524 0.4716666666666667 0.04404761904761905 0.12333333333333334
0 0.7119047619047619 0.39 0.10833333333333334 0.17666666666666667
0 0.544047619047619 0.5083333333333333 0.10714285714285714 0.16
0 0.3964285714285714 0.57 0.15714285714285714 0.22
0 0.34285714285714286 0.6683333333333333 0.09047619047619047 0.14666666666666667
0 0.27976190476190477 0.545 0.11666666666666667 0.19333333333333333