0 0.14642857142857144 0.235 0.036904761904761905 0.05
0 0.2845238095238095 0.2816666666666667 0.04285714285714286 0.06333333333333334
0 0.2011904761904762 0.43 0.0988095238095238 0.12333333333333334
0 0.45357142857142857 0.275 0.04642857142857143 0.06166666666666667
0 0.26785714285714285 0.35833333333333334 0.047619047619047616 0.05333333333333334
0 0.319047619047619 0.37166666666666665 0.039285714285714285 0.056666666666666664
0 0.6726190476190477 0.43666666666666665 0.039285714285714285 0.045
0 0.6523809523809524 0.5166666666666667 0.0630952380952381 0.08833333333333333
0 0.9380952380952381 0.7633333333333333 0.05476190476190476 0.07333333333333333
0 0.6369047619047619 0.6716666666666666 0.05238095238095238 0.08333333333333333
0 0.7261904761904762 0.665 0.04642857142857143 0.06666666666666667
0 0.8833333333333333 0.695 0.05952380952380952 0.085
0 0.41904761904761906 0.37 0.02619047619047619 0.03166666666666667
0 0.6928571428571428 0.405 0.02857142857142857 0.03166666666666667