0 0.009523809523809525 0.41 0.01904761904761905 0.09166666666666666
0 0.7226190476190476 0.08 0.16666666666666666 0.12666666666666668
0 0.22142857142857142 0.6466666666666666 0.10119047619047619 0.10666666666666667
0 0.7869047619047619 0.04 0.12142857142857143 0.08
0 0.07380952380952381 0.44666666666666666 0.08928571428571429 0.11333333333333333
0 0.14166666666666666 0.44 0.11071428571428571 0.145
0 0.10476190476190476 0.6333333333333333 0.12738095238095237 0.16166666666666665
0 0.45 0.11 0.12976190476190477 0.18666666666666668
0 0.5892857142857143 0.7766666666666666 0.20357142857142857 0.24166666666666667
0 0.35 0.5566666666666666 0.18333333333333332 0.215
0 0.26785714285714285 0.37833333333333335 0.14523809523809525 0.18833333333333332
0 0.7464285714285714 0.24833333333333332 0.20476190476190476 0.27666666666666667
0 0.5630952380952381 0.24333333333333335 0.18214285714285713 0.2916666666666667
0 0.38571428571428573 0.7666666666666667 0.18095238095238095 0.23833333333333334