0 0.7119047619047619 0.33 0.05714285714285714 0.08166666666666667
0 0.6964285714285714 0.2966666666666667 0.04285714285714286 0.08833333333333333
0 0.047619047619047616 0.25833333333333336 0.04880952380952381 0.05333333333333334
0 0.14047619047619048 0.3566666666666667 0.09166666666666666 0.14666666666666667
0 0.675 0.20833333333333334 0.07261904761904762 0.09
0 0.7166666666666667 0.7583333333333333 0.15833333333333333 0.15
0 0.48928571428571427 0.51 0.07142857142857142 0.085
0 0.6595238095238095 0.6716666666666666 0.175 0.25833333333333336
1 0.11904761904761904 0.15833333333333333 0.23452380952380952 0.2833333333333333
0 0.5773809523809523 0.2966666666666667 0.2130952380952381 0.24333333333333335
0 0.42142857142857143 0.155 0.2130952380952381 0.2866666666666667
0 0.8178571428571428 0.6416666666666667 0.18452380952380953 0.21833333333333332
0 0.2511904761904762 0.365 0.2 0.24166666666666667
0 0.9369047619047619 0.15 0.0761904761904762 0.09166666666666666