1 0.3619047619047619 0.9516666666666667 0.06666666666666667 0.09666666666666666
0 0.2904761904761905 0.5866666666666667 0.08095238095238096 0.08833333333333333
0 0.944047619047619 0.6983333333333334 0.10714285714285714 0.13
0 0.9845238095238096 0.555 0.02976190476190476 0.11333333333333333
1 0.6702380952380952 0.5166666666666667 0.07738095238095238 0.09666666666666666
0 0.4845238095238095 0.7866666666666666 0.07976190476190476 0.07333333333333333
0 0.18214285714285713 0.3333333333333333 0.06190476190476191 0.035
0 0.45357142857142857 0.03166666666666667 0.0869047619047619 0.06166666666666667
1 0.5892857142857143 0.58 0.0988095238095238 0.115
0 0.2357142857142857 0.67 0.14761904761904762 0.15333333333333332
0 0.11190476190476191 0.35833333333333334 0.10238095238095238 0.10166666666666667
1 0.41904761904761906 0.9133333333333333 0.13333333333333333 0.17333333333333334
1 0.55 0.18 0.10357142857142858 0.13333333333333333
1 0.3142857142857143 0.84 0.10595238095238095 0.155
1 0.75 0.07833333333333334 0.1357142857142857 0.15333333333333332
0 0.20238095238095238 0.8133333333333334 0.1523809523809524 0.18333333333333332
0 0.39166666666666666 0.15666666666666668 0.125 0.15666666666666668
1 0.6178571428571429 0.905 0.14761904761904762 0.18833333333333332
1 0.3880952380952381 0.74 0.08452380952380953 0.09