0 0.055952380952380955 0.2916666666666667 0.06785714285714285 0.09333333333333334
0 0.0869047619047619 0.6133333333333333 0.08571428571428572 0.12
0 0.5404761904761904 0.07666666666666666 0.07380952380952381 0.10333333333333333
0 0.10952380952380952 0.675 0.07857142857142857 0.10333333333333333
0 0.18333333333333332 0.725 0.07738095238095238 0.09666666666666666
0 0.5547619047619048 0.6566666666666666 0.07380952380952381 0.11666666666666667
0 0.6321428571428571 0.7383333333333333 0.07261904761904762 0.12
0 0.5404761904761904 0.75 0.07738095238095238 0.09
0 0.5642857142857143 0.4666666666666667 0.04404761904761905 0.06
0 0.6321428571428571 0.47833333333333333 0.055952380952380955 0.08166666666666667
0 0.6 0.5416666666666666 0.08452380952380953 0.11333333333333333
0 0.669047619047619 0.4633333333333333 0.0380952380952381 0.08166666666666667
0 0.4035714285714286 0.6016666666666667 0.06547619047619048 0.07833333333333334
0 0.10595238095238095 0.18333333333333332 0.04880952380952381 0.056666666666666664