0 0.06547619047619048 0.4716666666666667 0.12261904761904761 0.17166666666666666
0 0.3261904761904762 0.665 0.1130952380952381 0.145
0 0.16904761904761906 0.36833333333333335 0.07857142857142857 0.115
0 0.14285714285714285 0.155 0.04642857142857143 0.06
0 0.45595238095238094 0.245 0.041666666666666664 0.06666666666666667
0 0.8142857142857143 0.12666666666666668 0.06190476190476191 0.08666666666666667
0 0.8904761904761904 0.085 0.047619047619047616 0.06333333333333334
0 0.8166666666666667 0.24166666666666667 0.05714285714285714 0.07
0 0.8702380952380953 0.185 0.05119047619047619 0.07333333333333333
0 0.45714285714285713 0.07833333333333334 0.03333333333333333 0.041666666666666664
0 0.9345238095238095 0.28833333333333333 0.04642857142857143 0.06333333333333334
0 0.8547619047619047 0.2683333333333333 0.039285714285714285 0.04833333333333333
0 0.5321428571428571 0.11333333333333333 0.04047619047619048 0.045
0 0.4797619047619048 0.16666666666666666 0.055952380952380955 0.08666666666666667
0 0.2726190476190476 0.07166666666666667 0.05119047619047619 0.07333333333333333
0 0.5202380952380953 0.17333333333333334 0.04285714285714286 0.065
0 0.55 0.14666666666666667 0.03333333333333333 0.043333333333333335
0 0.5702380952380952 0.13166666666666665 0.04047619047619048 0.06666666666666667