0 0.015476190476190477 0.82 0.030952380952380953 0.235
0 0.225 0.028333333333333332 0.047619047619047616 0.056666666666666664
0 0.6285714285714286 0.17333333333333334 0.07857142857142857 0.10166666666666667
0 0.9738095238095238 0.36666666666666664 0.05119047619047619 0.07333333333333333
0 0.5083333333333333 0.18333333333333332 0.125 0.15
0 0.5107142857142857 0.32166666666666666 0.08333333333333333 0.15166666666666667
0 0.7083333333333334 0.24666666666666667 0.12142857142857143 0.15666666666666668
0 0.8714285714285714 0.765 0.15595238095238095 0.195
0 0.31785714285714284 0.16833333333333333 0.12023809523809524 0.17666666666666667
0 0.19285714285714287 0.26 0.15357142857142858 0.17833333333333334
0 0.4166666666666667 0.33666666666666667 0.12857142857142856 0.2
0 0.6357142857142857 0.35833333333333334 0.12142857142857143 0.16166666666666665
0 0.2857142857142857 0.405 0.15119047619047618 0.19333333333333333