0 0.9904761904761905 0.72 0.017857142857142856 0.11
1 0.8535714285714285 0.925 0.04047619047619048 0.058333333333333334
0 0.8142857142857143 0.13 0.02976190476190476 0.03666666666666667
0 0.6535714285714286 0.33 0.03333333333333333 0.05
1 0.4226190476190476 0.44666666666666666 0.1 0.09
1 0.4 0.19166666666666668 0.02857142857142857 0.04666666666666667
1 0.44166666666666665 0.07 0.02261904761904762 0.03333333333333333
1 0.4023809523809524 0.33166666666666667 0.0630952380952381 0.07166666666666667
1 0.2619047619047619 0.47333333333333333 0.055952380952380955 0.075
0 0.9785714285714285 0.02 0.034523809523809526 0.03833333333333333
1 0.5416666666666666 0.013333333333333334 0.04047619047619048 0.02666666666666667
1 0.4714285714285714 0.09 0.02976190476190476 0.04666666666666667
1 0.1380952380952381 0.08166666666666667 0.036904761904761905 0.04666666666666667
1 0.7380952380952381 0.5183333333333333 0.058333333333333334 0.07833333333333334
1 0.5011904761904762 0.105 0.034523809523809526 0.05
1 0.1357142857142857 0.03333333333333333 0.039285714285714285 0.055
1 0.09285714285714286 0.35833333333333334 0.05357142857142857 0.06333333333333334
1 0.24642857142857144 0.12333333333333334 0.047619047619047616 0.06333333333333334
1 0.4845238095238095 0.041666666666666664 0.034523809523809526 0.04666666666666667
0 0.3011904761904762 0.4066666666666667 0.06666666666666667 0.075
1 0.4261904761904762 0.4066666666666667 0.09047619047619047 0.12166666666666667
0 0.21666666666666667 0.6316666666666667 0.15833333333333333 0.16666666666666666
1 0.6464285714285715 0.4683333333333333 0.08095238095238096 0.10833333333333334
1 0.4928571428571429 0.4033333333333333 0.07261904761904762 0.11
1 0.6833333333333333 0.5716666666666667 0.09642857142857143 0.10833333333333334
1 0.20238095238095238 0.79 0.18214285714285713 0.22833333333333333
0 0.40476190476190477 0.24833333333333332 0.0380952380952381 0.051666666666666666
0 0.42738095238095236 0.21166666666666667 0.03333333333333333 0.051666666666666666
0 0.14523809523809525 0.3283333333333333 0.04285714285714286 0.041666666666666664