0 0.4797619047619048 0.24333333333333335 0.02976190476190476 0.075
0 0.8083333333333333 0.8483333333333334 0.060714285714285714 0.09166666666666666
0 0.19642857142857142 0.6716666666666666 0.05238095238095238 0.07
1 0.6261904761904762 0.13833333333333334 0.05 0.06666666666666667
0 0.45 0.275 0.07261904761904762 0.10333333333333333
0 0.10952380952380952 0.965 0.15714285714285714 0.06666666666666667
1 0.8952380952380953 0.9683333333333334 0.08452380952380953 0.06333333333333334
0 0.7666666666666667 0.7433333333333333 0.060714285714285714 0.07
1 0.04404761904761905 0.13833333333333334 0.08214285714285714 0.08166666666666667
1 0.04523809523809524 0.25 0.09047619047619047 0.205
1 0.3619047619047619 0.14 0.04404761904761905 0.051666666666666666
1 0.9273809523809524 0.37833333333333335 0.1 0.11
0 0.0630952380952381 0.87 0.12261904761904761 0.22
1 0.6571428571428571 0.22333333333333333 0.10595238095238095 0.13166666666666665
0 0.5630952380952381 0.31 0.13452380952380952 0.12333333333333334
1 0.6892857142857143 0.175 0.09047619047619047 0.12666666666666668
1 0.7464285714285714 0.19 0.07261904761904762 0.11166666666666666
1 0.8904761904761904 0.27666666666666667 0.0880952380952381 0.115
0 0.42857142857142855 0.7416666666666667 0.1595238095238095 0.27
1 0.8821428571428571 0.875 0.10952380952380952 0.14333333333333334
0 0.19642857142857142 0.58 0.09404761904761905 0.13666666666666666
1 0.23452380952380952 0.7416666666666667 0.09047619047619047 0.135
0 0.5464285714285714 0.7233333333333334 0.20476190476190476 0.2966666666666667
1 0.09523809523809523 0.42 0.18095238095238095 0.23666666666666666
1 0.5857142857142857 0.445 0.16071428571428573 0.18666666666666668
1 0.3202380952380952 0.38666666666666666 0.1523809523809524 0.205
1 0.14523809523809525 0.8416666666666667 0.04523809523809524 0.08333333333333333
1 0.9726190476190476 0.30666666666666664 0.05476190476190476 0.13666666666666666
1 0.3404761904761905 0.7216666666666667 0.039285714285714285 0.10833333333333334
1 0.9 0.08 0.034523809523809526 0.04
1 0.6464285714285715 0.015 0.03571428571428571 0.03
1 0.41309523809523807 0.015 0.04642857142857143 0.028333333333333332