0 0.3488095238095238 0.8583333333333333 0.09761904761904762 0.14666666666666667
0 0.4976190476190476 0.8666666666666667 0.10238095238095238 0.155
0 0.5726190476190476 0.8616666666666667 0.075 0.11333333333333333
0 0.6107142857142858 0.6866666666666666 0.09047619047619047 0.13666666666666666
0 0.763095238095238 0.4816666666666667 0.10476190476190476 0.15666666666666668
0 0.2511904761904762 0.9116666666666666 0.09761904761904762 0.145
0 0.3047619047619048 0.565 0.09404761904761905 0.14
0 0.14404761904761904 0.25666666666666665 0.09166666666666666 0.13833333333333334
0 0.12857142857142856 0.09666666666666666 0.09761904761904762 0.15666666666666668
0 0.2 0.065 0.0869047619047619 0.13
0 0.8976190476190476 0.06666666666666667 0.08214285714285714 0.12333333333333334
0 0.42142857142857143 0.31833333333333336 0.1357142857142857 0.20333333333333334
0 0.25 0.4066666666666667 0.08571428571428572 0.13