0 0.11547619047619048 0.76 0.06666666666666667 0.08
0 0.09166666666666666 0.42833333333333334 0.09285714285714286 0.08833333333333333
0 0.1261904761904762 0.51 0.11071428571428571 0.125
1 0.02738095238095238 0.215 0.05476190476190476 0.07166666666666667
0 0.18452380952380953 0.016666666666666666 0.07142857142857142 0.03166666666666667
1 0.09047619047619047 0.13833333333333334 0.05238095238095238 0.05333333333333334
0 0.6916666666666667 0.4 0.07261904761904762 0.09166666666666666
0 0.4369047619047619 0.18666666666666668 0.0988095238095238 0.13
1 0.17142857142857143 0.045 0.03333333333333333 0.04833333333333333
0 0.5880952380952381 0.25833333333333336 0.060714285714285714 0.07166666666666667
0 0.49404761904761907 0.06 0.06785714285714285 0.095
0 0.530952380952381 0.15166666666666667 0.09404761904761905 0.115
1 0.763095238095238 0.42333333333333334 0.14166666666666666 0.16166666666666665
0 0.4797619047619048 0.7383333333333333 0.11666666666666667 0.145
0 0.3821428571428571 0.2816666666666667 0.10595238095238095 0.10666666666666667
1 0.14047619047619048 0.058333333333333334 0.04523809523809524 0.065
0 0.8226190476190476 0.8016666666666666 0.12261904761904761 0.16333333333333333
0 0.8869047619047619 0.375 0.11547619047619048 0.13333333333333333
0 0.3107142857142857 0.625 0.12380952380952381 0.12666666666666668
0 0.8714285714285714 0.5116666666666667 0.1380952380952381 0.165
0 0.12738095238095237 0.8883333333333333 0.0869047619047619 0.11166666666666666
0 0.7166666666666667 0.8016666666666666 0.11190476190476191 0.15166666666666667
0 0.4261904761904762 0.6316666666666667 0.1392857142857143 0.15166666666666667
0 0.23333333333333334 0.5416666666666666 0.16071428571428573 0.18166666666666667
0 0.1392857142857143 0.6683333333333333 0.17142857142857143 0.18333333333333332
0 0.5678571428571428 0.865 0.1392857142857143 0.17833333333333334
0 0.48214285714285715 0.455 0.1619047619047619 0.19166666666666668
0 0.9321428571428572 0.7816666666666666 0.13214285714285715 0.185