0 0.05476190476190476 0.5383333333333333 0.1 0.14166666666666666
0 0.1595238095238095 0.7416666666666667 0.14404761904761904 0.185
0 0.058333333333333334 0.7483333333333333 0.09166666666666666 0.11166666666666666
0 0.11666666666666667 0.8783333333333333 0.11904761904761904 0.155
0 0.28214285714285714 0.34 0.0869047619047619 0.11833333333333333
0 0.3404761904761905 0.4583333333333333 0.08214285714285714 0.105
0 0.42142857142857143 0.4716666666666667 0.0630952380952381 0.09333333333333334
0 0.44047619047619047 0.385 0.0761904761904762 0.10166666666666667
0 0.4523809523809524 0.18 0.10119047619047619 0.135
0 0.861904761904762 0.30333333333333334 0.07380952380952381 0.10666666666666667
0 0.9452380952380952 0.29 0.08095238095238096 0.11333333333333333
0 0.9702380952380952 0.14333333333333334 0.05952380952380952 0.10833333333333334
0 0.6869047619047619 0.36833333333333335 0.1 0.14666666666666667
0 0.6059523809523809 0.34833333333333333 0.07261904761904762 0.115