1 0.705952380952381 0.6683333333333333 0.02261904761904762 0.041666666666666664
1 0.9928571428571429 0.4116666666666667 0.013095238095238096 0.14833333333333334
1 0.8452380952380952 0.18666666666666668 0.0380952380952381 0.05
1 0.5357142857142857 0.37166666666666665 0.04047619047619048 0.04666666666666667
1 0.7511904761904762 0.6866666666666666 0.04880952380952381 0.13666666666666666
1 0.38095238095238093 0.15166666666666667 0.041666666666666664 0.055
0 0.8238095238095238 0.76 0.10238095238095238 0.051666666666666666
0 0.7726190476190476 0.18333333333333332 0.04642857142857143 0.06
1 0.8095238095238095 0.31333333333333335 0.0761904761904762 0.09
1 0.8535714285714285 0.4533333333333333 0.05714285714285714 0.06666666666666667
0 0.7642857142857142 0.3566666666666667 0.06428571428571428 0.08333333333333333
0 0.13690476190476192 0.6 0.08214285714285714 0.09
0 0.49523809523809526 0.105 0.05714285714285714 0.08833333333333333
0 0.8011904761904762 0.48333333333333334 0.06190476190476191 0.06
0 0.5952380952380952 0.03 0.06190476190476191 0.06
0 0.9726190476190476 0.825 0.05357142857142857 0.12
0 0.11547619047619048 0.04 0.0380952380952381 0.05333333333333334
1 0.9011904761904762 0.5916666666666667 0.09285714285714286 0.10166666666666667
0 0.45357142857142857 0.02666666666666667 0.05476190476190476 0.05333333333333334
0 0.07380952380952381 0.7016666666666667 0.10238095238095238 0.11333333333333333
1 0.8845238095238095 0.35833333333333334 0.1130952380952381 0.11333333333333333
0 0.7964285714285714 0.22333333333333333 0.08452380952380953 0.115
1 0.6357142857142857 0.4533333333333333 0.09642857142857143 0.10666666666666667
1 0.530952380952381 0.035 0.07023809523809524 0.07
0 0.15 0.058333333333333334 0.04404761904761905 0.055
1 0.05 0.5683333333333334 0.1 0.11833333333333333
0 0.9642857142857143 0.19833333333333333 0.07023809523809524 0.10833333333333334
1 0.8166666666666667 0.6733333333333333 0.1619047619047619 0.19333333333333333
0 0.8107142857142857 0.9333333333333333 0.11428571428571428 0.13333333333333333
0 0.16785714285714284 0.8683333333333333 0.10952380952380952 0.12833333333333333
0 0.49404761904761907 0.20833333333333334 0.07023809523809524 0.09833333333333333
1 0.9333333333333333 0.7266666666666667 0.11428571428571428 0.13166666666666665
0 0.725 0.8533333333333334 0.09404761904761905 0.13666666666666666
0 0.9226190476190477 0.9316666666666666 0.1357142857142857 0.135
1 0.844047619047619 0.11 0.02738095238095238 0.055
1 0.3345238095238095 0.17166666666666666 0.04404761904761905 0.05333333333333334