0 0.7452380952380953 0.31666666666666665 0.11547619047619048 0.08666666666666667
0 0.6988095238095238 0.21333333333333335 0.11904761904761904 0.14666666666666667
0 0.6095238095238096 0.3016666666666667 0.1 0.165
0 0.07976190476190476 0.9416666666666667 0.13214285714285715 0.115
0 0.5511904761904762 0.54 0.11904761904761904 0.15333333333333332
0 0.17976190476190476 0.8383333333333334 0.12142857142857143 0.15166666666666667
0 0.33690476190476193 0.45166666666666666 0.10476190476190476 0.12666666666666668
0 0.6678571428571428 0.495 0.13095238095238096 0.15
0 0.319047619047619 0.6866666666666666 0.14523809523809525 0.24333333333333335
0 0.4452380952380952 0.6216666666666667 0.11190476190476191 0.19666666666666666
0 0.4845238095238095 0.17166666666666666 0.16071428571428573 0.23833333333333334
0 0.5416666666666666 0.4033333333333333 0.10833333333333334 0.16166666666666665
0 0.19642857142857142 0.6283333333333333 0.14166666666666666 0.2
0 0.7619047619047619 0.4033333333333333 0.14523809523809525 0.16833333333333333