1 0.9285714285714286 0.97 0.0988095238095238 0.06
0 0.22380952380952382 0.9483333333333334 0.20238095238095238 0.10166666666666667
0 0.09047619047619047 0.8383333333333334 0.05952380952380952 0.09833333333333333
0 0.6404761904761904 0.43333333333333335 0.04285714285714286 0.09
0 0.23333333333333334 0.4583333333333333 0.06190476190476191 0.085
0 0.12380952380952381 0.715 0.0869047619047619 0.11333333333333333
0 0.23452380952380952 0.7183333333333334 0.16547619047619047 0.12666666666666668
0 0.8416666666666667 0.35333333333333333 0.09523809523809523 0.15333333333333332
0 0.8142857142857143 0.41833333333333333 0.08214285714285714 0.115
0 0.5952380952380952 0.5433333333333333 0.10952380952380952 0.13
0 0.925 0.84 0.08214285714285714 0.10166666666666667
0 0.8571428571428571 0.815 0.06428571428571428 0.12166666666666667
1 0.125 0.49166666666666664 0.1392857142857143 0.13666666666666666
0 0.8773809523809524 0.03 0.09047619047619047 0.06
0 0.15714285714285714 0.8616666666666667 0.0988095238095238 0.15666666666666668
0 0.20357142857142857 0.27166666666666667 0.09642857142857143 0.11833333333333333
0 0.8547619047619047 0.17833333333333334 0.11904761904761904 0.18
0 0.8678571428571429 0.625 0.12976190476190477 0.16666666666666666
0 0.1357142857142857 0.15666666666666668 0.1357142857142857 0.17166666666666666
0 0.7535714285714286 0.22 0.12023809523809524 0.16
0 0.7166666666666667 0.45 0.1392857142857143 0.18333333333333332
0 0.6178571428571429 0.66 0.13095238095238096 0.18