0 0.525 0.7916666666666666 0.08452380952380953 0.13833333333333334
0 0.7547619047619047 0.6333333333333333 0.0761904761904762 0.12
0 0.8369047619047619 0.83 0.0880952380952381 0.12
0 0.65 0.8483333333333334 0.09285714285714286 0.15
0 0.5380952380952381 0.9333333333333333 0.075 0.10666666666666667
0 0.3261904761904762 0.6816666666666666 0.04642857142857143 0.075
0 0.444047619047619 0.8766666666666667 0.07976190476190476 0.13
0 0.44642857142857145 0.7733333333333333 0.08571428571428572 0.13333333333333333
0 0.7559523809523809 0.4866666666666667 0.08571428571428572 0.12666666666666668
0 0.2773809523809524 0.38333333333333336 0.0880952380952381 0.115
0 0.5738095238095238 0.8666666666666667 0.05714285714285714 0.09333333333333334
0 0.8428571428571429 0.5833333333333334 0.058333333333333334 0.09
0 0.24285714285714285 0.5383333333333333 0.09166666666666666 0.145
0 0.24404761904761904 0.115 0.09166666666666666 0.13666666666666666
0 0.2154761904761905 0.38666666666666666 0.06547619047619048 0.09833333333333333
0 0.39880952380952384 0.2966666666666667 0.05 0.07833333333333334
0 0.29285714285714287 0.675 0.07380952380952381 0.11
0 0.4607142857142857 0.9116666666666666 0.075 0.09333333333333334
0 0.7178571428571429 0.7716666666666666 0.0630952380952381 0.1
0 0.7880952380952381 0.8666666666666667 0.036904761904761905 0.06833333333333333
0 0.2702380952380952 0.23666666666666666 0.0630952380952381 0.095