0 0.014285714285714285 0.3016666666666667 0.025 0.03666666666666667
0 0.02619047619047619 0.405 0.023809523809523808 0.03666666666666667
0 0.04642857142857143 0.43 0.03214285714285714 0.045
0 0.05238095238095238 0.5833333333333334 0.055952380952380955 0.065
0 0.0988095238095238 0.46166666666666667 0.030952380952380953 0.045
0 0.12976190476190477 0.55 0.025 0.03833333333333333
0 0.25476190476190474 0.5033333333333333 0.036904761904761905 0.043333333333333335
0 0.3476190476190476 0.6033333333333334 0.06190476190476191 0.085
0 0.4 0.38 0.04285714285714286 0.043333333333333335
0 0.46190476190476193 0.31333333333333335 0.04404761904761905 0.055
0 0.45357142857142857 0.395 0.04404761904761905 0.055
0 0.5630952380952381 0.5666666666666667 0.07738095238095238 0.09
0 0.6630952380952381 0.685 0.09047619047619047 0.11666666666666667
0 0.9619047619047619 0.495 0.0380952380952381 0.056666666666666664
0 0.9833333333333333 0.5066666666666667 0.02261904761904762 0.03666666666666667
0 0.7476190476190476 0.425 0.05357142857142857 0.07166666666666667
0 0.7297619047619047 0.49333333333333335 0.04404761904761905 0.06666666666666667
0 0.7035714285714286 0.505 0.02857142857142857 0.045
0 0.6392857142857142 0.3 0.02738095238095238 0.04666666666666667
0 0.7095238095238096 0.23666666666666666 0.03214285714285714 0.04666666666666667
0 0.5488095238095239 0.7183333333333334 0.0630952380952381 0.10666666666666667