0 0.49523809523809526 0.6716666666666666 0.08452380952380953 0.12666666666666668
0 0.7083333333333334 0.5083333333333333 0.06904761904761905 0.10333333333333333
0 0.7678571428571429 0.6766666666666666 0.08095238095238096 0.12
0 0.6726190476190477 0.65 0.07380952380952381 0.11166666666666666
0 0.6047619047619047 0.7183333333333334 0.09404761904761905 0.14166666666666666
0 0.5023809523809524 0.7866666666666666 0.06428571428571428 0.09666666666666666
0 0.42142857142857143 0.76 0.08095238095238096 0.12166666666666667
0 0.4297619047619048 0.6366666666666667 0.08571428571428572 0.12833333333333333
0 0.3142857142857143 0.5583333333333333 0.041666666666666664 0.06166666666666667
0 0.2845238095238095 0.16 0.075 0.11333333333333333
0 0.23095238095238096 0.14166666666666666 0.06547619047619048 0.09833333333333333
0 0.5083333333333333 0.11666666666666667 0.06666666666666667 0.1
0 0.5416666666666666 0.7283333333333334 0.036904761904761905 0.06666666666666667
0 0.7083333333333334 0.325 0.07738095238095238 0.1
0 0.780952380952381 0.42833333333333334 0.05119047619047619 0.06833333333333333
0 0.6773809523809524 0.385 0.041666666666666664 0.05
0 0.05357142857142857 0.4 0.07261904761904762 0.07833333333333334
0 0.03333333333333333 0.49 0.058333333333333334 0.09166666666666666
0 0.19166666666666668 0.57 0.12142857142857143 0.17833333333333334
0 0.2761904761904762 0.255 0.060714285714285714 0.07
0 0.39285714285714285 0.10666666666666667 0.05 0.055
0 0.4011904761904762 0.18666666666666668 0.0761904761904762 0.095
0 0.2726190476190476 0.035 0.0380952380952381 0.06333333333333334