0 0.19285714285714287 0.4483333333333333 0.03571428571428571 0.04
1 0.2488095238095238 0.39 0.0869047619047619 0.09666666666666666
0 0.6773809523809524 0.3433333333333333 0.05357142857142857 0.06
0 0.7357142857142858 0.32166666666666666 0.058333333333333334 0.06333333333333334
0 0.0761904761904762 0.475 0.06190476190476191 0.065
0 0.44642857142857145 0.49666666666666665 0.0880952380952381 0.07833333333333334
0 0.02619047619047619 0.5066666666666667 0.05119047619047619 0.1
0 0.5869047619047619 0.49833333333333335 0.06666666666666667 0.10333333333333333
1 0.49404761904761907 0.21666666666666667 0.075 0.07666666666666666
1 0.2642857142857143 0.5866666666666667 0.08333333333333333 0.11333333333333333
0 0.24166666666666667 0.48833333333333334 0.07857142857142857 0.095
0 0.861904761904762 0.36 0.06666666666666667 0.07833333333333334
0 0.8428571428571429 0.4533333333333333 0.09404761904761905 0.1
0 0.9630952380952381 0.45166666666666666 0.07380952380952381 0.10666666666666667
0 0.8488095238095238 0.6066666666666667 0.08571428571428572 0.1
1 0.5857142857142857 0.155 0.06547619047619048 0.075
1 0.7023809523809523 0.26166666666666666 0.0630952380952381 0.07833333333333334
0 0.7178571428571429 0.575 0.07857142857142857 0.11
0 0.11785714285714285 0.425 0.08452380952380953 0.085
0 0.5333333333333333 0.47833333333333333 0.09404761904761905 0.11333333333333333
1 0.638095238095238 0.585 0.09285714285714286 0.11
0 0.41785714285714287 0.43666666666666665 0.10714285714285714 0.12833333333333333
0 0.07380952380952381 0.5666666666666667 0.11428571428571428 0.12166666666666667
0 0.5678571428571428 0.35 0.12023809523809524 0.13
0 0.17857142857142858 0.5666666666666667 0.1 0.13166666666666665
1 0.3238095238095238 0.56 0.1261904761904762 0.145
0 0.7761904761904762 0.6066666666666667 0.07738095238095238 0.12333333333333334
1 0.5261904761904762 0.20166666666666666 0.04523809523809524 0.06666666666666667
1 0.5107142857142857 0.5866666666666667 0.055952380952380955 0.07333333333333333
1 0.6142857142857143 0.4066666666666667 0.05357142857142857 0.03666666666666667
1 0.8273809523809523 0.39166666666666666 0.02619047619047619 0.03333333333333333