1 0.7880952380952381 0.013333333333333334 0.030952380952380953 0.023333333333333334
1 0.9940476190476191 0.20333333333333334 0.011904761904761904 0.08166666666666667
0 0.986904761904762 0.7166666666666667 0.023809523809523808 0.1
1 0.625 0.44666666666666666 0.0380952380952381 0.04666666666666667
0 0.1738095238095238 0.38166666666666665 0.10952380952380952 0.10833333333333334
1 0.3476190476190476 0.25 0.11428571428571428 0.16833333333333333
0 0.669047619047619 0.51 0.08333333333333333 0.12333333333333334
0 0.29523809523809524 0.5633333333333334 0.0761904761904762 0.10333333333333333
0 0.8202380952380952 0.7866666666666666 0.06785714285714285 0.095
1 0.2130952380952381 0.5716666666666667 0.09404761904761905 0.105
1 0.7619047619047619 0.665 0.13690476190476192 0.18666666666666668
0 0.4083333333333333 0.7533333333333333 0.10119047619047619 0.14
1 0.8083333333333333 0.44166666666666665 0.14285714285714285 0.16166666666666665
1 0.7476190476190476 0.23833333333333334 0.09285714285714286 0.13
0 0.3547619047619048 0.605 0.13333333333333333 0.185
1 0.09523809523809523 0.445 0.15 0.19666666666666666
0 0.08571428571428572 0.6216666666666667 0.12976190476190477 0.15333333333333332
1 0.23333333333333334 0.21833333333333332 0.13333333333333333 0.17666666666666667
1 0.319047619047619 0.08166666666666667 0.1523809523809524 0.16
1 0.6404761904761904 0.7183333333333334 0.15714285714285714 0.24666666666666667
1 0.46785714285714286 0.26666666666666666 0.09642857142857143 0.12333333333333334