1 0.46785714285714286 0.7883333333333333 0.030952380952380953 0.045
1 0.5357142857142857 0.07166666666666667 0.039285714285714285 0.05
0 0.9845238095238096 0.95 0.030952380952380953 0.1
1 0.8964285714285715 0.15666666666666668 0.11190476190476191 0.13666666666666666
0 0.9142857142857143 0.8066666666666666 0.07142857142857142 0.07666666666666666
1 0.20476190476190476 0.9333333333333333 0.15357142857142858 0.13333333333333333
0 0.763095238095238 0.275 0.1630952380952381 0.13666666666666666
1 0.95 0.18666666666666668 0.0869047619047619 0.13
0 0.32857142857142857 0.5133333333333333 0.07380952380952381 0.12333333333333334
1 0.4785714285714286 0.6766666666666666 0.05357142857142857 0.11
1 0.02738095238095238 0.20833333333333334 0.05357142857142857 0.11833333333333333
1 0.844047619047619 0.21 0.125 0.15333333333333332
0 0.5666666666666667 0.7366666666666667 0.17976190476190476 0.30666666666666664
1 0.34523809523809523 0.685 0.09523809523809523 0.135
1 0.16547619047619047 0.11833333333333333 0.20357142857142857 0.23666666666666666
0 0.13690476190476192 0.7816666666666666 0.1869047619047619 0.255
1 0.530952380952381 0.315 0.18333333333333332 0.21666666666666667
1 0.26785714285714285 0.305 0.20238095238095238 0.25833333333333336
1 0.7952380952380952 0.43833333333333335 0.19166666666666668 0.215
0 0.7416666666666667 0.7516666666666667 0.2523809523809524 0.35333333333333333
1 0.7130952380952381 0.19833333333333333 0.0630952380952381 0.06333333333333334
1 0.24166666666666667 0.7683333333333333 0.041666666666666664 0.10166666666666667
1 0.8202380952380952 0.10666666666666667 0.06547619047619048 0.06166666666666667
0 0.9452380952380952 0.9183333333333333 0.06904761904761905 0.115
1 0.38095238095238093 0.17666666666666667 0.05 0.04666666666666667