0 0.9845238095238096 0.5333333333333333 0.030952380952380953 0.09333333333333334
0 0.9273809523809524 0.59 0.09404761904761905 0.09833333333333333
0 0.40595238095238095 0.8916666666666667 0.05476190476190476 0.06333333333333334
0 0.29523809523809524 0.7283333333333334 0.07142857142857142 0.12
0 0.49404761904761907 0.30666666666666664 0.09523809523809523 0.12666666666666668
0 0.017857142857142856 0.11333333333333333 0.034523809523809526 0.07833333333333334
0 0.9845238095238096 0.35333333333333333 0.030952380952380953 0.09166666666666666
0 0.3333333333333333 0.48333333333333334 0.055952380952380955 0.09166666666666666
0 0.7107142857142857 0.24 0.1130952380952381 0.115
0 0.36904761904761907 0.06666666666666667 0.04285714285714286 0.06166666666666667
0 0.8357142857142857 0.43833333333333335 0.05357142857142857 0.058333333333333334
1 0.8690476190476191 0.25666666666666665 0.075 0.09
0 0.9714285714285714 0.028333333333333332 0.055952380952380955 0.055
0 0.8297619047619048 0.06166666666666667 0.05476190476190476 0.075
0 0.6071428571428571 0.27 0.09285714285714286 0.12333333333333334
1 0.8845238095238095 0.38 0.07023809523809524 0.08666666666666667
0 0.4607142857142857 0.8083333333333333 0.08095238095238096 0.11666666666666667
0 0.8464285714285714 0.5783333333333334 0.06666666666666667 0.09333333333333334
0 0.3488095238095238 0.15666666666666668 0.08571428571428572 0.1
0 0.7416666666666667 0.3333333333333333 0.1380952380952381 0.14666666666666667
0 0.2488095238095238 0.8466666666666667 0.11428571428571428 0.17333333333333334
0 0.6392857142857142 0.09666666666666666 0.09166666666666666 0.14166666666666666
0 0.7821428571428571 0.56 0.060714285714285714 0.085
0 0.669047619047619 0.5966666666666667 0.09285714285714286 0.115
0 0.27976190476190477 0.58 0.14166666666666666 0.17333333333333334
0 0.305952380952381 0.91 0.15595238095238095 0.17833333333333334
0 0.5726190476190476 0.61 0.10952380952380952 0.14333333333333334
0 0.18095238095238095 0.4033333333333333 0.15595238095238095 0.205
1 0.9345238095238095 0.35333333333333333 0.05 0.07666666666666666