1 0.6428571428571429 0.5966666666666667 0.08333333333333333 0.11
1 0.95 0.43166666666666664 0.09761904761904762 0.17833333333333334
1 0.31547619047619047 0.245 0.10476190476190476 0.14
1 0.3357142857142857 0.06 0.0988095238095238 0.09
0 0.8214285714285714 0.3333333333333333 0.058333333333333334 0.065
1 0.5238095238095238 0.5533333333333333 0.07976190476190476 0.11166666666666666
0 0.2392857142857143 0.92 0.11428571428571428 0.16
1 0.4119047619047619 0.15666666666666668 0.08214285714285714 0.12166666666666667
0 0.8940476190476191 0.065 0.06190476190476191 0.07833333333333334
1 0.3404761904761905 0.13166666666666665 0.0988095238095238 0.11166666666666666
1 0.030952380952380953 0.9233333333333333 0.06190476190476191 0.1
1 0.3869047619047619 0.2833333333333333 0.13095238095238096 0.17833333333333334
0 0.8321428571428572 0.4766666666666667 0.1595238095238095 0.22333333333333333
1 0.30714285714285716 0.8083333333333333 0.1619047619047619 0.23166666666666666
1 0.1595238095238095 0.37833333333333335 0.10595238095238095 0.14333333333333334
1 0.275 0.39666666666666667 0.15595238095238095 0.20333333333333334
0 0.45714285714285713 0.82 0.15714285714285714 0.22166666666666668
0 0.14761904761904762 0.6783333333333333 0.12380952380952381 0.16333333333333333
1 0.7452380952380953 0.40166666666666667 0.06666666666666667 0.08833333333333333