1 0.047619047619047616 0.6533333333333333 0.0880952380952381 0.08333333333333333
0 0.08452380952380953 0.62 0.04404761904761905 0.056666666666666664
0 0.23214285714285715 0.49833333333333335 0.047619047619047616 0.05
0 0.14523809523809525 0.675 0.05714285714285714 0.055
0 0.10714285714285714 0.37166666666666665 0.05357142857142857 0.07
0 0.08928571428571429 0.7166666666666667 0.09166666666666666 0.08666666666666667
0 0.7785714285714286 0.31333333333333335 0.07857142857142857 0.08333333333333333
0 0.04285714285714286 0.815 0.04404761904761905 0.07666666666666666
1 0.9095238095238095 0.43166666666666664 0.05238095238095238 0.065
1 0.8690476190476191 0.495 0.04880952380952381 0.05333333333333334
0 0.6202380952380953 0.325 0.07023809523809524 0.08166666666666667
0 0.10476190476190476 0.49833333333333335 0.09642857142857143 0.12333333333333334
0 0.14642857142857144 0.25833333333333336 0.09285714285714286 0.105
0 0.1595238095238095 0.44666666666666666 0.15357142857142858 0.15666666666666668
0 0.32976190476190476 0.37166666666666665 0.11071428571428571 0.13
0 0.763095238095238 0.3883333333333333 0.11071428571428571 0.11
0 0.7238095238095238 0.6266666666666667 0.12142857142857143 0.14166666666666666
0 0.4261904761904762 0.37833333333333335 0.10357142857142858 0.12833333333333333
1 0.6773809523809524 0.42 0.09166666666666666 0.115
0 0.8130952380952381 0.57 0.10595238095238095 0.12333333333333334
0 0.4488095238095238 0.5083333333333333 0.1 0.13166666666666665
0 0.29642857142857143 0.24833333333333332 0.12023809523809524 0.14833333333333334
0 0.4845238095238095 0.23833333333333334 0.125 0.15333333333333332
0 0.9333333333333333 0.315 0.1261904761904762 0.125
0 0.6392857142857142 0.5766666666666667 0.09047619047619047 0.13333333333333333
0 0.5178571428571429 0.5933333333333334 0.11428571428571428 0.14666666666666667