0 0.11428571428571428 0.88 0.03333333333333333 0.06833333333333333
0 0.3404761904761905 0.8433333333333334 0.0380952380952381 0.07
0 0.28809523809523807 0.17666666666666667 0.03571428571428571 0.05
1 0.0380952380952381 0.02 0.03214285714285714 0.03833333333333333
1 0.4095238095238095 0.2866666666666667 0.06785714285714285 0.085
1 0.3357142857142857 0.19833333333333333 0.06547619047619048 0.08666666666666667
1 0.5202380952380953 0.5133333333333333 0.06547619047619048 0.09166666666666666
1 0.5071428571428571 0.6066666666666667 0.05952380952380952 0.07166666666666667
0 0.06904761904761905 0.9316666666666666 0.09404761904761905 0.11
0 0.2904761904761905 0.23333333333333334 0.03571428571428571 0.04833333333333333
1 0.7476190476190476 0.49 0.07857142857142857 0.09833333333333333
1 0.1488095238095238 0.24833333333333332 0.08095238095238096 0.09333333333333334
0 0.5154761904761904 0.7516666666666667 0.07261904761904762 0.09333333333333334
0 0.4369047619047619 0.8733333333333333 0.09642857142857143 0.135
1 0.12738095238095237 0.6416666666666667 0.1523809523809524 0.19
1 0.6416666666666667 0.5716666666666667 0.09642857142857143 0.12
1 0.8952380952380953 0.8566666666666667 0.16666666666666666 0.19333333333333333
1 0.694047619047619 0.8383333333333334 0.10238095238095238 0.13333333333333333
1 0.02738095238095238 0.05 0.02857142857142857 0.04
1 0.055952380952380955 0.06166666666666667 0.02619047619047619 0.02666666666666667
1 0.007142857142857143 0.03666666666666667 0.013095238095238096 0.055