1 0.65 0.515 0.08095238095238096 0.11333333333333333
1 0.24285714285714285 0.22166666666666668 0.10952380952380952 0.15166666666666667
1 0.9238095238095239 0.4483333333333333 0.07976190476190476 0.115
0 0.8428571428571429 0.7933333333333333 0.08333333333333333 0.09166666666666666
1 0.4035714285714286 0.31333333333333335 0.11904761904761904 0.125
1 0.4511904761904762 0.2683333333333333 0.0630952380952381 0.1
0 0.7869047619047619 0.95 0.1261904761904762 0.1
1 0.9333333333333333 0.835 0.10357142857142858 0.14833333333333334
1 0.7785714285714286 0.5583333333333333 0.10476190476190476 0.12833333333333333
1 0.36547619047619045 0.81 0.22380952380952382 0.29833333333333334
1 0.25357142857142856 0.14 0.08452380952380953 0.058333333333333334