0 0.06190476190476191 0.2633333333333333 0.02976190476190476 0.03
0 0.12857142857142856 0.28 0.02738095238095238 0.035
0 0.20595238095238094 0.36 0.0380952380952381 0.04833333333333333
0 0.21666666666666667 0.4166666666666667 0.0380952380952381 0.04833333333333333
0 0.1488095238095238 0.5033333333333333 0.036904761904761905 0.043333333333333335
0 0.19404761904761905 0.47 0.04642857142857143 0.065
0 0.28095238095238095 0.4633333333333333 0.047619047619047616 0.05
0 0.29642857142857143 0.505 0.03214285714285714 0.045
0 0.33214285714285713 0.47833333333333333 0.03571428571428571 0.051666666666666666
0 0.3630952380952381 0.475 0.04047619047619048 0.06166666666666667
0 0.4369047619047619 0.515 0.04880952380952381 0.065
0 0.4583333333333333 0.5616666666666666 0.039285714285714285 0.051666666666666666
0 0.5535714285714286 0.6533333333333333 0.06547619047619048 0.09333333333333334
0 0.6309523809523809 0.5816666666666667 0.06190476190476191 0.08833333333333333
0 0.6190476190476191 0.665 0.05714285714285714 0.07666666666666666
0 0.844047619047619 0.42333333333333334 0.04047619047619048 0.04833333333333333
0 0.805952380952381 0.43166666666666664 0.02738095238095238 0.03166666666666667
0 0.8130952380952381 0.47 0.03571428571428571 0.03666666666666667
0 0.955952380952381 0.5116666666666667 0.02976190476190476 0.045
0 0.9357142857142857 0.6366666666666667 0.02142857142857143 0.04
0 0.805952380952381 0.525 0.034523809523809526 0.04