0 0.1630952380952381 0.44333333333333336 0.07261904761904762 0.10333333333333333
0 0.2761904761904762 0.41833333333333333 0.06785714285714285 0.09
0 0.5202380952380953 0.17 0.047619047619047616 0.07666666666666666
0 0.7 0.24833333333333332 0.05952380952380952 0.08
0 0.6571428571428571 0.32666666666666666 0.05714285714285714 0.07166666666666667
0 0.9130952380952381 0.215 0.055952380952380955 0.08166666666666667
0 0.9416666666666667 0.5133333333333333 0.0380952380952381 0.04833333333333333
0 0.9297619047619048 0.465 0.04404761904761905 0.056666666666666664
0 0.29642857142857143 0.8766666666666667 0.0880952380952381 0.10666666666666667
0 0.20357142857142857 0.9033333333333333 0.08928571428571429 0.11
0 0.8571428571428571 0.34 0.036904761904761905 0.051666666666666666
0 0.44166666666666665 0.45666666666666667 0.03571428571428571 0.04833333333333333