0 0.5928571428571429 0.98 0.09404761904761905 0.04
0 0.6904761904761905 0.9733333333333334 0.11666666666666667 0.05333333333333334
0 0.780952380952381 0.3383333333333333 0.07738095238095238 0.07
0 0.7559523809523809 0.41 0.10238095238095238 0.065
0 0.8869047619047619 0.8533333333333334 0.07976190476190476 0.06666666666666667
0 0.3952380952380952 0.48333333333333334 0.09047619047619047 0.07666666666666666
1 0.5261904761904762 0.20666666666666667 0.0761904761904762 0.09166666666666666
0 0.12738095238095237 0.25166666666666665 0.12380952380952381 0.11333333333333333
0 0.7833333333333333 0.86 0.14047619047619048 0.09666666666666666
0 0.7880952380952381 0.9483333333333334 0.13214285714285715 0.10333333333333333
0 0.31666666666666665 0.5216666666666666 0.21785714285714286 0.115
1 0.4511904761904762 0.37333333333333335 0.11190476190476191 0.08
0 0.6166666666666667 0.7566666666666667 0.09761904761904762 0.115
0 0.5857142857142857 0.37 0.09285714285714286 0.07666666666666666
0 0.3011904761904762 0.055 0.11666666666666667 0.09833333333333333
0 0.2833333333333333 0.22166666666666668 0.12261904761904761 0.105
0 0.43333333333333335 0.20333333333333334 0.1619047619047619 0.125
0 0.6083333333333333 0.55 0.15476190476190477 0.13
0 0.4857142857142857 0.75 0.1773809523809524 0.14666666666666667
0 0.7 0.36 0.16904761904761906 0.14666666666666667
0 0.9095238095238095 0.3283333333333333 0.18095238095238095 0.155
0 0.25952380952380955 0.625 0.23333333333333334 0.17833333333333334
0 0.29285714285714287 0.155 0.1392857142857143 0.09166666666666666