1 0.7583333333333333 0.265 0.08214285714285714 0.11333333333333333
1 0.23809523809523808 0.7316666666666667 0.047619047619047616 0.06833333333333333
1 0.45595238095238094 0.955 0.10357142857142858 0.09
0 0.6869047619047619 0.21833333333333332 0.08452380952380953 0.095
1 0.9369047619047619 0.015 0.10357142857142858 0.03
1 0.8666666666666667 0.02 0.08214285714285714 0.03833333333333333
0 0.5904761904761905 0.5216666666666666 0.17976190476190476 0.23333333333333334
0 0.023809523809523808 0.115 0.04642857142857143 0.105
1 0.16666666666666666 0.29333333333333333 0.1261904761904762 0.16166666666666665
1 0.875 0.28 0.07023809523809524 0.09166666666666666
1 0.26785714285714285 0.19833333333333333 0.0988095238095238 0.13
0 0.08214285714285714 0.11833333333333333 0.08333333333333333 0.105
0 0.13333333333333333 0.4816666666666667 0.11071428571428571 0.15
1 0.7119047619047619 0.7583333333333333 0.1630952380952381 0.195
1 0.23333333333333334 0.43333333333333335 0.14761904761904762 0.20333333333333334
1 0.7607142857142857 0.4866666666666667 0.2357142857142857 0.30666666666666664
0 0.9523809523809523 0.28 0.09404761904761905 0.17833333333333334
1 0.5357142857142857 0.7616666666666667 0.20714285714285716 0.29
0 0.32142857142857145 0.12833333333333333 0.09761904761904762 0.12833333333333333
1 0.6428571428571429 0.13 0.05714285714285714 0.07
1 0.1976190476190476 0.8533333333333334 0.23095238095238096 0.22333333333333333
1 0.45357142857142857 0.21166666666666667 0.060714285714285714 0.09333333333333334