0 0.6976190476190476 0.6 0.09642857142857143 0.135
0 0.8488095238095238 0.21833333333333332 0.14166666666666666 0.10166666666666667
0 0.22976190476190475 0.5133333333333333 0.06904761904761905 0.08166666666666667
0 0.39166666666666666 0.485 0.10714285714285714 0.15166666666666667
0 0.10595238095238095 0.5 0.10595238095238095 0.12666666666666668
0 0.7154761904761905 0.6616666666666666 0.10238095238095238 0.135
0 0.7464285714285714 0.31 0.07261904761904762 0.10666666666666667
0 0.8285714285714286 0.28 0.10238095238095238 0.105
0 0.7130952380952381 0.4533333333333333 0.10595238095238095 0.14666666666666667
0 0.8607142857142858 0.15333333333333332 0.1619047619047619 0.195
0 0.2523809523809524 0.895 0.1773809523809524 0.21
0 0.18452380952380953 0.6983333333333334 0.22142857142857142 0.2683333333333333
1 0.4357142857142857 0.5683333333333334 0.16904761904761906 0.235
1 0.5571428571428572 0.335 0.15 0.20333333333333334
1 0.580952380952381 0.5733333333333334 0.15119047619047618 0.20666666666666667