0 0.7547619047619047 0.645 0.04285714285714286 0.055
0 0.8261904761904761 0.013333333333333334 0.04047619047619048 0.025
0 0.7821428571428571 0.4266666666666667 0.07023809523809524 0.1
0 0.8392857142857143 0.43833333333333335 0.07261904761904762 0.09
0 0.7238095238095238 0.12333333333333334 0.047619047619047616 0.07833333333333334
0 0.34285714285714286 0.03 0.07142857142857142 0.058333333333333334
0 0.7023809523809523 0.6416666666666667 0.07261904761904762 0.10666666666666667
0 0.45714285714285713 0.6966666666666667 0.0988095238095238 0.11166666666666666
0 0.5535714285714286 0.5316666666666666 0.0988095238095238 0.135
0 0.3773809523809524 0.81 0.11785714285714285 0.16333333333333333
0 0.33095238095238094 0.305 0.12142857142857143 0.15
0 0.8630952380952381 0.32 0.09761904761904762 0.12833333333333333
1 0.5428571428571428 0.78 0.07976190476190476 0.13166666666666665
0 0.7702380952380953 0.33166666666666667 0.08452380952380953 0.11
0 0.680952380952381 0.135 0.07142857142857142 0.10666666666666667
1 0.4642857142857143 0.7783333333333333 0.08928571428571429 0.13166666666666665
1 0.844047619047619 0.5516666666666666 0.07380952380952381 0.09
0 0.16428571428571428 0.5433333333333333 0.14404761904761904 0.185
0 0.15595238095238095 0.6783333333333333 0.14047619047619048 0.16333333333333333
0 0.22857142857142856 0.8633333333333333 0.13095238095238096 0.19
0 0.2714285714285714 0.145 0.15 0.19833333333333333
1 0.6202380952380953 0.6433333333333333 0.09642857142857143 0.13166666666666665