0 0.4023809523809524 0.3466666666666667 0.03333333333333333 0.04
1 0.9214285714285714 0.06 0.055952380952380955 0.07333333333333333
0 0.7333333333333333 0.595 0.0880952380952381 0.11
1 0.9630952380952381 0.18166666666666667 0.07261904761904762 0.185
0 0.8523809523809524 0.04666666666666667 0.07142857142857142 0.08833333333333333
1 0.44166666666666665 0.105 0.06904761904761905 0.06
0 0.2988095238095238 0.07 0.1 0.115
1 0.38095238095238093 0.475 0.07261904761904762 0.1
0 0.5285714285714286 0.041666666666666664 0.06428571428571428 0.08166666666666667
0 0.375 0.12 0.06547619047619048 0.07833333333333334
0 0.36428571428571427 0.72 0.12857142857142856 0.115
1 0.9214285714285714 0.315 0.0630952380952381 0.06666666666666667
0 0.35714285714285715 0.5666666666666667 0.09642857142857143 0.10666666666666667
1 0.7547619047619047 0.11166666666666666 0.10952380952380952 0.155
1 0.8952380952380953 0.22333333333333333 0.13214285714285715 0.18833333333333332
0 0.4095238095238095 0.7983333333333333 0.10238095238095238 0.155
0 0.3107142857142857 0.19 0.11666666666666667 0.165
1 0.5952380952380952 0.4866666666666667 0.09166666666666666 0.14
0 0.2119047619047619 0.8833333333333333 0.1392857142857143 0.18666666666666668
1 0.7428571428571429 0.725 0.12142857142857143 0.16833333333333333
0 0.32142857142857145 0.25833333333333336 0.0880952380952381 0.09833333333333333
0 0.43333333333333335 0.26166666666666666 0.06428571428571428 0.06833333333333333
1 0.6535714285714286 0.13333333333333333 0.08571428571428572 0.10833333333333334