0 0.9809523809523809 0.915 0.036904761904761905 0.16666666666666666
0 0.9654761904761905 0.5316666666666666 0.04047619047619048 0.05333333333333334
0 0.4083333333333333 0.15833333333333333 0.125 0.10833333333333334
0 0.6202380952380953 0.48 0.04642857142857143 0.10333333333333333
0 0.07261904761904762 0.6083333333333333 0.14404761904761904 0.20833333333333334
0 0.861904761904762 0.645 0.09523809523809523 0.12166666666666667
0 0.2154761904761905 0.5283333333333333 0.11666666666666667 0.135
0 0.16071428571428573 0.735 0.14166666666666666 0.135
0 0.8785714285714286 0.4766666666666667 0.12380952380952381 0.14
0 0.7773809523809524 0.8366666666666667 0.15357142857142858 0.205
1 0.6130952380952381 0.7233333333333334 0.21428571428571427 0.3016666666666667
0 0.1738095238095238 0.315 0.3011904761904762 0.31333333333333335
0 0.3595238095238095 0.5083333333333333 0.16785714285714284 0.24333333333333335
0 0.8666666666666667 0.375 0.125 0.14
0 0.5178571428571429 0.48833333333333334 0.17857142857142858 0.22