0 0.04285714285714286 0.19166666666666668 0.08095238095238096 0.12
0 0.3547619047619048 0.2916666666666667 0.05357142857142857 0.115
0 0.14285714285714285 0.15 0.09523809523809523 0.09666666666666666
0 0.5595238095238095 0.335 0.05119047619047619 0.07333333333333333
0 0.6726190476190477 0.43166666666666664 0.07261904761904762 0.08166666666666667
0 0.4523809523809524 0.155 0.07857142857142857 0.11333333333333333
0 0.6142857142857143 0.33666666666666667 0.05238095238095238 0.075
0 0.8964285714285715 0.2683333333333333 0.06904761904761905 0.06333333333333334
0 0.5714285714285714 0.8733333333333333 0.12261904761904761 0.11333333333333333
0 0.42142857142857143 0.35833333333333334 0.1261904761904762 0.13833333333333334
0 0.7773809523809524 0.5266666666666666 0.060714285714285714 0.08666666666666667
1 0.569047619047619 0.41833333333333333 0.08214285714285714 0.095
0 0.8428571428571429 0.515 0.07738095238095238 0.08666666666666667
0 0.6714285714285714 0.8366666666666667 0.14761904761904762 0.20833333333333334
0 0.4083333333333333 0.26 0.125 0.15833333333333333
0 0.42023809523809524 0.905 0.14047619047619048 0.19
0 0.5642857142857143 0.7616666666666667 0.125 0.165
0 0.7404761904761905 0.42333333333333334 0.07976190476190476 0.09166666666666666
0 0.3357142857142857 0.16166666666666665 0.06547619047619048 0.06
0 0.8952380952380953 0.31666666666666665 0.0630952380952381 0.06166666666666667