1 0.16785714285714284 0.9616666666666667 0.07857142857142857 0.07666666666666666
1 0.4 0.6033333333333334 0.07142857142857142 0.05333333333333334
1 0.04285714285714286 0.9516666666666667 0.08452380952380953 0.09
1 0.7714285714285715 0.035 0.0761904761904762 0.07
1 0.5011904761904762 0.018333333333333333 0.039285714285714285 0.035
0 0.9535714285714286 0.75 0.08333333333333333 0.115
0 0.21428571428571427 0.11333333333333333 0.05714285714285714 0.09
0 0.22023809523809523 0.8066666666666666 0.05357142857142857 0.09833333333333333
1 0.17142857142857143 0.5083333333333333 0.0761904761904762 0.105
0 0.5452380952380952 0.8883333333333333 0.09761904761904762 0.15666666666666668
0 0.28095238095238095 0.43666666666666665 0.09166666666666666 0.08833333333333333
1 0.10714285714285714 0.905 0.10952380952380952 0.13
0 0.9238095238095239 0.53 0.08214285714285714 0.09833333333333333
0 0.638095238095238 0.09833333333333333 0.11547619047619048 0.13333333333333333
1 0.1488095238095238 0.7383333333333333 0.08452380952380953 0.08833333333333333
1 0.5202380952380953 0.49833333333333335 0.0761904761904762 0.08333333333333333
0 0.39285714285714285 0.056666666666666664 0.09166666666666666 0.11
1 0.7142857142857143 0.21 0.11428571428571428 0.15666666666666668
1 0.4452380952380952 0.825 0.11547619047619048 0.13166666666666665
1 0.6535714285714286 0.30666666666666664 0.12142857142857143 0.14166666666666666
1 0.3904761904761905 0.36833333333333335 0.13690476190476192 0.22666666666666666
0 0.6309523809523809 0.495 0.13333333333333333 0.21833333333333332
0 0.3476190476190476 0.7733333333333333 0.15 0.20166666666666666
0 0.7738095238095238 0.45166666666666666 0.15714285714285714 0.215
1 0.5035714285714286 0.39 0.13095238095238096 0.20833333333333334
1 0.26785714285714285 0.25833333333333336 0.17976190476190476 0.24833333333333332
1 0.5476190476190477 0.13666666666666666 0.06547619047619048 0.06666666666666667
1 0.9511904761904761 0.4483333333333333 0.07142857142857142 0.095