0 0.02142857142857143 0.4116666666666667 0.04285714285714286 0.08
0 0.9154761904761904 0.30333333333333334 0.060714285714285714 0.15333333333333332
0 0.6035714285714285 0.7516666666666667 0.09285714285714286 0.12833333333333333
0 0.17857142857142858 0.03 0.07976190476190476 0.058333333333333334
0 0.6321428571428571 0.7716666666666666 0.10833333333333334 0.175
0 0.35714285714285715 0.5433333333333333 0.09047619047619047 0.09166666666666666
0 0.7619047619047619 0.37333333333333335 0.09642857142857143 0.12166666666666667
0 0.6333333333333333 0.6133333333333333 0.10238095238095238 0.14333333333333334
1 0.4797619047619048 0.49833333333333335 0.13690476190476192 0.18666666666666668
0 0.8464285714285714 0.31 0.17261904761904762 0.18666666666666668
0 0.20238095238095238 0.925 0.14761904761904762 0.14833333333333334
1 0.3726190476190476 0.6883333333333334 0.15 0.21166666666666667
1 0.4880952380952381 0.7266666666666667 0.1357142857142857 0.18833333333333332
0 0.1738095238095238 0.7416666666666667 0.19047619047619047 0.23166666666666666