1 0.9928571428571429 0.04833333333333333 0.014285714285714285 0.07
1 0.7892857142857143 0.7933333333333333 0.09404761904761905 0.15
1 0.9714285714285714 0.6533333333333333 0.055952380952380955 0.11666666666666667
0 0.14285714285714285 0.3016666666666667 0.09285714285714286 0.06833333333333333
0 0.5857142857142857 0.69 0.09642857142857143 0.13
0 0.95 0.15166666666666667 0.04523809523809524 0.06333333333333334
1 0.6095238095238096 0.075 0.05119047619047619 0.06666666666666667
1 0.9011904761904762 0.56 0.1357142857142857 0.13833333333333334
0 0.14285714285714285 0.07 0.1523809523809524 0.14
1 0.5404761904761904 0.03 0.08571428571428572 0.056666666666666664
1 0.8928571428571429 0.05 0.06190476190476191 0.08166666666666667
1 0.8380952380952381 0.6683333333333333 0.15 0.2
1 0.26071428571428573 0.5216666666666666 0.11190476190476191 0.17166666666666666
1 0.30833333333333335 0.415 0.12380952380952381 0.14666666666666667
1 0.9107142857142857 0.38 0.17857142857142858 0.22833333333333333
1 0.3488095238095238 0.6283333333333333 0.10595238095238095 0.145
1 0.14047619047619048 0.18666666666666668 0.1261904761904762 0.14166666666666666
1 0.18095238095238095 0.39166666666666666 0.15714285714285714 0.18333333333333332
1 0.07738095238095238 0.3983333333333333 0.10714285714285714 0.15333333333333332
1 0.5154761904761904 0.8533333333333334 0.13095238095238096 0.19166666666666668
1 0.5095238095238095 0.565 0.13333333333333333 0.17333333333333334
0 0.7428571428571429 0.45166666666666666 0.175 0.24166666666666667
1 0.6678571428571428 0.7916666666666666 0.10952380952380952 0.13166666666666665
0 0.9714285714285714 0.235 0.05714285714285714 0.065