0 0.6369047619047619 0.395 0.15357142857142858 0.20333333333333334
1 0.6928571428571428 0.615 0.1869047619047619 0.245
0 0.5714285714285714 0.6933333333333334 0.11190476190476191 0.12
0 0.22738095238095238 0.37333333333333335 0.14642857142857144 0.17833333333333334
1 0.8511904761904762 0.5416666666666666 0.29642857142857143 0.3433333333333333
0 0.425 0.24833333333333332 0.14761904761904762 0.19
0 0.5273809523809524 0.5316666666666666 0.20952380952380953 0.275
0 0.3202380952380952 0.48333333333333334 0.20476190476190476 0.24833333333333332
1 0.09761904761904762 0.25833333333333336 0.1880952380952381 0.245
1 0.6892857142857143 0.17166666666666666 0.16904761904761906 0.20333333333333334
0 0.36666666666666664 0.345 0.1380952380952381 0.14333333333333334
0 0.5630952380952381 0.31666666666666665 0.10714285714285714 0.14333333333333334