0 0.6845238095238095 0.49833333333333335 0.0761904761904762 0.09166666666666666
1 0.275 0.41 0.1523809523809524 0.16
0 0.655952380952381 0.05 0.07857142857142857 0.09833333333333333
1 0.19523809523809524 0.5766666666666667 0.20595238095238094 0.23833333333333334
0 0.13690476190476192 0.915 0.13333333333333333 0.17
0 0.02142857142857143 0.9233333333333333 0.04285714285714286 0.15333333333333332
1 0.5083333333333333 0.5583333333333333 0.15833333333333333 0.25166666666666665
0 0.694047619047619 0.39 0.12738095238095237 0.17
1 0.10238095238095238 0.5616666666666666 0.19047619047619047 0.25
0 0.6428571428571429 0.26166666666666666 0.07857142857142857 0.10666666666666667
1 0.8202380952380952 0.31166666666666665 0.1619047619047619 0.20333333333333334
1 0.5642857142857143 0.20833333333333334 0.1761904761904762 0.24333333333333335
1 0.4023809523809524 0.685 0.18333333333333332 0.2633333333333333
0 0.7154761904761905 0.6466666666666666 0.19047619047619047 0.21166666666666667
1 0.21428571428571427 0.7583333333333333 0.2011904761904762 0.21
1 0.8702380952380953 0.555 0.21071428571428572 0.22
0 0.5845238095238096 0.4816666666666667 0.10714285714285714 0.20833333333333334
0 0.6047619047619047 0.023333333333333334 0.06785714285714285 0.045