0 0.8238095238095238 0.155 0.04285714285714286 0.056666666666666664
0 0.9761904761904762 0.25166666666666665 0.047619047619047616 0.07
0 0.9428571428571428 0.2733333333333333 0.05476190476190476 0.06166666666666667
0 0.8857142857142857 0.6783333333333333 0.1 0.12833333333333333
0 0.6059523809523809 0.8583333333333333 0.06666666666666667 0.09166666666666666
0 0.5345238095238095 0.8716666666666667 0.06904761904761905 0.08166666666666667
0 0.5202380952380953 0.8066666666666666 0.04642857142857143 0.056666666666666664
0 0.5988095238095238 0.30333333333333334 0.05476190476190476 0.07
0 0.2988095238095238 0.6916666666666667 0.05952380952380952 0.07
0 0.25952380952380955 0.575 0.047619047619047616 0.06166666666666667
0 0.5011904761904762 0.32166666666666666 0.055952380952380955 0.07666666666666666
0 0.16666666666666666 0.5716666666666667 0.05119047619047619 0.07666666666666666
0 0.06785714285714285 0.6283333333333333 0.0380952380952381 0.03333333333333333
0 0.04642857142857143 0.4766666666666667 0.05238095238095238 0.055
0 0.09285714285714286 0.5066666666666667 0.05476190476190476 0.08166666666666667
0 0.16547619047619047 0.25166666666666665 0.039285714285714285 0.051666666666666666
0 0.0869047619047619 0.23 0.02619047619047619 0.04833333333333333
0 0.1261904761904762 0.415 0.041666666666666664 0.06333333333333334
0 0.1392857142857143 0.48833333333333334 0.04404761904761905 0.056666666666666664