0 0.20238095238095238 0.7366666666666667 0.10119047619047619 0.041666666666666664
0 0.02738095238095238 0.8316666666666667 0.05357142857142857 0.09166666666666666
0 0.05 0.44666666666666666 0.025 0.03166666666666667
0 0.05238095238095238 0.5333333333333333 0.05238095238095238 0.07166666666666667
0 0.6607142857142857 0.48833333333333334 0.047619047619047616 0.07833333333333334
0 0.5261904761904762 0.6033333333333334 0.058333333333333334 0.056666666666666664
0 0.8095238095238095 0.385 0.09047619047619047 0.05333333333333334
0 0.4142857142857143 0.49 0.05714285714285714 0.08833333333333333
0 0.9238095238095239 0.7 0.060714285714285714 0.06166666666666667
0 0.6511904761904762 0.66 0.07738095238095238 0.09333333333333334
1 0.7321428571428571 0.6116666666666667 0.10833333333333334 0.10333333333333333
0 0.18095238095238095 0.46 0.08095238095238096 0.08833333333333333
0 0.09761904761904762 0.6716666666666666 0.13690476190476192 0.14333333333333334
0 0.48095238095238096 0.5083333333333333 0.10238095238095238 0.13666666666666666
0 0.5023809523809524 0.2783333333333333 0.12380952380952381 0.13666666666666666
0 0.8428571428571429 0.6016666666666667 0.16071428571428573 0.17333333333333334
0 0.9452380952380952 0.27666666666666667 0.10952380952380952 0.13333333333333333
0 0.7285714285714285 0.5183333333333333 0.11547619047619048 0.15166666666666667
0 0.4452380952380952 0.385 0.11547619047619048 0.14
0 0.3119047619047619 0.2683333333333333 0.11904761904761904 0.14333333333333334
0 0.9273809523809524 0.4683333333333333 0.13214285714285715 0.155
0 0.34285714285714286 0.4116666666666667 0.12023809523809524 0.14833333333333334
0 0.15119047619047618 0.5566666666666666 0.17142857142857143 0.18
0 0.5785714285714286 0.5233333333333333 0.13690476190476192 0.17833333333333334