1 0.05238095238095238 0.7466666666666667 0.07380952380952381 0.065
1 0.9892857142857143 0.7183333333333334 0.02023809523809524 0.13
1 0.6869047619047619 0.04 0.05714285714285714 0.07333333333333333
0 0.9714285714285714 0.5433333333333333 0.055952380952380955 0.09833333333333333
0 0.32142857142857145 0.055 0.12380952380952381 0.10833333333333334
1 0.22380952380952382 0.06333333333333334 0.07023809523809524 0.10666666666666667
0 0.9238095238095239 0.42833333333333334 0.07976190476190476 0.10833333333333334
0 0.9142857142857143 0.6116666666666667 0.06190476190476191 0.08
0 0.9523809523809523 0.32166666666666666 0.09404761904761905 0.12
0 0.7785714285714286 0.335 0.08452380952380953 0.09833333333333333
0 0.030952380952380953 0.08833333333333333 0.060714285714285714 0.155
0 0.5297619047619048 0.715 0.0988095238095238 0.12
1 0.1488095238095238 0.895 0.07142857142857142 0.09333333333333334
1 0.44761904761904764 0.7633333333333333 0.09523809523809523 0.12833333333333333
0 0.46904761904761905 0.4116666666666667 0.14404761904761904 0.15
0 0.5678571428571428 0.12833333333333333 0.075 0.075
0 0.680952380952381 0.13333333333333333 0.07976190476190476 0.09333333333333334
1 0.3726190476190476 0.5366666666666666 0.14047619047619048 0.21333333333333335
0 0.3523809523809524 0.8033333333333333 0.1357142857142857 0.18166666666666667
1 0.43214285714285716 0.095 0.13333333333333333 0.18666666666666668
1 0.25833333333333336 0.545 0.15595238095238095 0.24
1 0.45357142857142857 0.295 0.13333333333333333 0.19166666666666668
1 0.09285714285714286 0.5966666666666667 0.18452380952380953 0.2816666666666667
0 0.5773809523809523 0.2866666666666667 0.1523809523809524 0.21166666666666667
1 0.375 0.4166666666666667 0.06904761904761905 0.07833333333333334
0 0.5154761904761904 0.14666666666666667 0.05 0.06333333333333334