1 0.5714285714285714 0.9383333333333334 0.11190476190476191 0.11166666666666666
1 0.9761904761904762 0.028333333333333332 0.047619047619047616 0.056666666666666664
1 0.6178571428571429 0.7766666666666666 0.1357142857142857 0.165
0 0.7 0.9433333333333334 0.10595238095238095 0.11333333333333333
1 0.5142857142857142 0.765 0.09285714285714286 0.15
1 0.8738095238095238 0.3466666666666667 0.07738095238095238 0.09666666666666666
1 0.6083333333333333 0.53 0.10238095238095238 0.13833333333333334
1 0.9797619047619047 0.10666666666666667 0.04047619047619048 0.10666666666666667
0 0.5166666666666667 0.34 0.10238095238095238 0.14833333333333334
1 0.3392857142857143 0.3283333333333333 0.10714285714285714 0.14666666666666667
1 0.5714285714285714 0.6116666666666667 0.13690476190476192 0.16666666666666666
1 0.1261904761904762 0.535 0.14642857142857144 0.19333333333333333
1 0.17023809523809524 0.37166666666666665 0.10714285714285714 0.115
0 0.425 0.455 0.14404761904761904 0.14333333333333334
1 0.3404761904761905 0.19 0.12738095238095237 0.18666666666666668
1 0.5047619047619047 0.19166666666666668 0.13214285714285715 0.20166666666666666
1 0.2619047619047619 0.4816666666666667 0.18333333333333332 0.215
1 0.9452380952380952 0.415 0.08571428571428572 0.11666666666666667