0 0.009523809523809525 0.45166666666666666 0.017857142857142856 0.075
0 0.9761904761904762 0.3433333333333333 0.047619047619047616 0.08
0 0.04523809523809524 0.4683333333333333 0.05 0.06
0 0.18928571428571428 0.9133333333333333 0.041666666666666664 0.056666666666666664
0 0.3047619047619048 0.4166666666666667 0.030952380952380953 0.041666666666666664
0 0.2654761904761905 0.415 0.04642857142857143 0.058333333333333334
0 0.21785714285714286 0.48833333333333334 0.04285714285714286 0.055
0 0.8797619047619047 0.4683333333333333 0.06190476190476191 0.06666666666666667
0 0.6297619047619047 0.605 0.04880952380952381 0.058333333333333334
0 0.6678571428571428 0.31833333333333336 0.0761904761904762 0.08
0 0.4988095238095238 0.4683333333333333 0.13452380952380952 0.15833333333333333
0 0.1595238095238095 0.5 0.07857142857142857 0.09
0 0.819047619047619 0.78 0.1392857142857143 0.10333333333333333
1 0.07380952380952381 0.5183333333333333 0.07142857142857142 0.085
1 0.14404761904761904 0.4216666666666667 0.07261904761904762 0.08833333333333333
0 0.861904761904762 0.69 0.1619047619047619 0.18
0 0.7202380952380952 0.705 0.12857142857142856 0.17833333333333334
0 0.47023809523809523 0.5733333333333334 0.12380952380952381 0.12833333333333333
0 0.6464285714285715 0.48333333333333334 0.16071428571428573 0.17666666666666667
1 0.3821428571428571 0.47333333333333333 0.12976190476190477 0.16