1 0.5059523809523809 0.35333333333333333 0.047619047619047616 0.04
0 0.26785714285714285 0.6833333333333333 0.058333333333333334 0.12833333333333333
0 0.9761904761904762 0.28 0.04047619047619048 0.045
0 0.42857142857142855 0.26166666666666666 0.05357142857142857 0.07333333333333333
1 0.9547619047619048 0.18666666666666668 0.02976190476190476 0.041666666666666664
0 0.9178571428571428 0.07166666666666667 0.036904761904761905 0.055
0 0.3892857142857143 0.38333333333333336 0.06190476190476191 0.07833333333333334
1 0.8011904761904762 0.5116666666666667 0.05357142857142857 0.07166666666666667
1 0.6095238095238096 0.26 0.039285714285714285 0.06166666666666667
0 0.7964285714285714 0.4166666666666667 0.07857142857142857 0.06666666666666667
1 0.9226190476190477 0.17333333333333334 0.047619047619047616 0.06166666666666667
1 0.9428571428571428 0.11 0.055952380952380955 0.06833333333333333
0 0.20476190476190476 0.7666666666666667 0.08452380952380953 0.07666666666666666
1 0.7202380952380952 0.31333333333333335 0.06666666666666667 0.10666666666666667
0 0.2988095238095238 0.7433333333333333 0.10952380952380952 0.17666666666666667
0 0.8464285714285714 0.46 0.07380952380952381 0.08166666666666667
0 0.375 0.29833333333333334 0.09404761904761905 0.11666666666666667
1 0.95 0.6383333333333333 0.0761904761904762 0.095
0 0.9761904761904762 0.7066666666666667 0.047619047619047616 0.06666666666666667
0 0.7880952380952381 0.17166666666666666 0.06428571428571428 0.07833333333333334
1 0.4738095238095238 0.4766666666666667 0.10119047619047619 0.13
0 0.6035714285714285 0.7116666666666667 0.11071428571428571 0.15833333333333333
0 0.22023809523809523 0.6866666666666666 0.12380952380952381 0.15166666666666667
1 0.7916666666666666 0.32166666666666666 0.1380952380952381 0.15333333333333332
1 0.5583333333333333 0.79 0.13214285714285715 0.19
0 0.05952380952380952 0.6966666666666667 0.11190476190476191 0.15666666666666668
1 0.925 0.36833333333333335 0.15 0.18333333333333332
1 0.7095238095238096 0.44166666666666665 0.03571428571428571 0.06
0 0.9857142857142858 0.5566666666666666 0.02738095238095238 0.06333333333333334
0 0.9857142857142858 0.49833333333333335 0.023809523809523808 0.07833333333333334
0 0.32976190476190476 0.6133333333333333 0.07738095238095238 0.095