0 0.125 0.46 0.12857142857142856 0.11833333333333333
0 0.5642857142857143 0.76 0.034523809523809526 0.06666666666666667
0 0.24642857142857144 0.4666666666666667 0.07380952380952381 0.07666666666666666
1 0.1761904761904762 0.3933333333333333 0.05952380952380952 0.09333333333333334
0 0.058333333333333334 0.13833333333333334 0.0630952380952381 0.07166666666666667
1 0.7857142857142857 0.5366666666666666 0.075 0.09666666666666666
0 0.20833333333333334 0.3433333333333333 0.07023809523809524 0.09333333333333334
1 0.24285714285714285 0.11666666666666667 0.07380952380952381 0.08666666666666667
1 0.8142857142857143 0.16166666666666665 0.0880952380952381 0.12166666666666667
0 0.719047619047619 0.54 0.08214285714285714 0.10833333333333334
1 0.5678571428571428 0.8566666666666667 0.09642857142857143 0.145
0 0.2904761904761905 0.5466666666666666 0.08333333333333333 0.09833333333333333
1 0.6214285714285714 0.7966666666666666 0.10238095238095238 0.15666666666666668
1 0.7857142857142857 0.43 0.08095238095238096 0.11666666666666667
1 0.8392857142857143 0.6116666666666667 0.10714285714285714 0.125
1 0.7547619047619047 0.6683333333333333 0.12976190476190477 0.16666666666666666
1 0.07738095238095238 0.355 0.14166666666666666 0.18166666666666667
1 0.18571428571428572 0.555 0.13333333333333333 0.135
1 0.6797619047619048 0.9166666666666666 0.10833333333333334 0.16166666666666665
1 0.46785714285714286 0.6 0.0380952380952381 0.043333333333333335