0 0.24047619047619048 0.19 0.09285714285714286 0.11333333333333333
0 0.26071428571428573 0.065 0.02976190476190476 0.041666666666666664
0 0.036904761904761905 0.43166666666666664 0.060714285714285714 0.085
0 0.10119047619047619 0.43333333333333335 0.060714285714285714 0.08
0 0.24285714285714285 0.2966666666666667 0.05714285714285714 0.065
0 0.5619047619047619 0.5733333333333334 0.06904761904761905 0.10333333333333333
0 0.4666666666666667 0.8733333333333333 0.07976190476190476 0.125
0 0.5964285714285714 0.9233333333333333 0.06547619047619048 0.1
0 0.4083333333333333 0.7533333333333333 0.07380952380952381 0.11833333333333333
0 0.48214285714285715 0.7616666666666667 0.07380952380952381 0.09833333333333333
0 0.44642857142857145 0.6583333333333333 0.07023809523809524 0.09333333333333334
0 0.905952380952381 0.7533333333333333 0.07023809523809524 0.10333333333333333
0 0.955952380952381 0.8133333333333334 0.055952380952380955 0.085
0 0.8035714285714286 0.4866666666666667 0.08452380952380953 0.095
0 0.8678571428571429 0.42 0.06190476190476191 0.105
0 0.6 0.435 0.06666666666666667 0.08666666666666667
0 0.6321428571428571 0.36 0.05238095238095238 0.07666666666666666
0 0.6214285714285714 0.2733333333333333 0.05238095238095238 0.06833333333333333