0 0.34523809523809523 0.45 0.09523809523809523 0.065
1 0.5702380952380952 0.2866666666666667 0.11428571428571428 0.07666666666666666
0 0.4976190476190476 0.7766666666666666 0.15357142857142858 0.12833333333333333
0 0.7392857142857143 0.94 0.125 0.10333333333333333
0 0.3607142857142857 0.745 0.16071428571428573 0.13833333333333334
0 0.44285714285714284 0.295 0.15476190476190477 0.14
0 0.6392857142857142 0.815 0.1261904761904762 0.12166666666666667
0 0.5261904761904762 0.16166666666666665 0.16666666666666666 0.135
0 0.6845238095238095 0.6633333333333333 0.20357142857142857 0.15333333333333332
0 0.7797619047619048 0.7833333333333333 0.17976190476190476 0.15666666666666668
0 0.5142857142857142 0.49 0.26904761904761904 0.20166666666666666
0 0.22976190476190475 0.625 0.3535714285714286 0.26166666666666666
0 0.305952380952381 0.21 0.30357142857142855 0.24333333333333335