0 0.569047619047619 0.016666666666666666 0.03571428571428571 0.03166666666666667
0 0.15595238095238095 0.845 0.08214285714285714 0.08666666666666667
1 0.12380952380952381 0.9266666666666666 0.07738095238095238 0.1
0 0.44761904761904764 0.023333333333333334 0.06904761904761905 0.04666666666666667
1 0.8404761904761905 0.845 0.12976190476190477 0.14
1 0.9023809523809524 0.7366666666666667 0.14523809523809525 0.165
1 0.5154761904761904 0.03 0.0880952380952381 0.06
1 0.8095238095238095 0.14333333333333334 0.06666666666666667 0.09
1 0.875 0.575 0.125 0.17
1 0.7464285714285714 0.14 0.06666666666666667 0.09
1 0.7726190476190476 0.051666666666666666 0.07380952380952381 0.09666666666666666
1 0.10595238095238095 0.7166666666666667 0.11904761904761904 0.10166666666666667