0 0.6869047619047619 0.205 0.06666666666666667 0.08333333333333333
0 0.12738095238095237 0.29333333333333333 0.14166666666666666 0.20166666666666666
0 0.17261904761904762 0.43 0.04642857142857143 0.058333333333333334
0 0.8178571428571428 0.07166666666666667 0.06785714285714285 0.08
1 0.3202380952380952 0.545 0.06190476190476191 0.06666666666666667
0 0.6583333333333333 0.2 0.10238095238095238 0.10333333333333333
0 0.7619047619047619 0.05333333333333334 0.08095238095238096 0.09333333333333334
0 0.2119047619047619 0.07666666666666666 0.26071428571428573 0.15166666666666667
0 0.7071428571428572 0.125 0.10238095238095238 0.11333333333333333
0 0.8535714285714285 0.43666666666666665 0.12380952380952381 0.16166666666666665
0 0.7964285714285714 0.25833333333333336 0.1595238095238095 0.19333333333333333
0 0.23452380952380952 0.39 0.12142857142857143 0.15
0 0.058333333333333334 0.12166666666666667 0.11547619047619048 0.23666666666666666
0 0.6773809523809524 0.8966666666666666 0.1738095238095238 0.19666666666666666
0 0.6702380952380952 0.4116666666666667 0.14642857142857144 0.18333333333333332
0 0.7678571428571429 0.48333333333333334 0.15833333333333333 0.20166666666666666
0 0.5011904761904762 0.8366666666666667 0.18928571428571428 0.26
0 0.41904761904761906 0.4683333333333333 0.13095238095238096 0.16833333333333333
0 0.7404761904761905 0.7566666666666667 0.19166666666666668 0.235
0 0.3404761904761905 0.22166666666666668 0.2119047619047619 0.2833333333333333