1 0.3357142857142857 0.495 0.05952380952380952 0.06166666666666667
1 0.513095238095238 0.4583333333333333 0.060714285714285714 0.11166666666666666
1 0.8690476190476191 0.2866666666666667 0.10714285714285714 0.10333333333333333
1 0.7071428571428572 0.6683333333333333 0.05714285714285714 0.09
1 0.638095238095238 0.6533333333333333 0.1130952380952381 0.14833333333333334
1 0.9 0.365 0.13214285714285715 0.15666666666666668
1 0.7428571428571429 0.5766666666666667 0.0761904761904762 0.09833333333333333
1 0.35714285714285715 0.7566666666666667 0.12023809523809524 0.165
1 0.6821428571428572 0.49 0.11904761904761904 0.155
1 0.25595238095238093 0.6116666666666667 0.18333333333333332 0.235
1 0.7511904761904762 0.2833333333333333 0.09047619047619047 0.13