1 0.969047619047619 0.35333333333333333 0.06190476190476191 0.10833333333333334
1 0.9666666666666667 0.49833333333333335 0.06666666666666667 0.11
1 0.8892857142857142 0.43666666666666665 0.14761904761904762 0.195
0 0.625 0.5566666666666666 0.11666666666666667 0.13666666666666666
1 0.736904761904762 0.6866666666666666 0.13333333333333333 0.20333333333333334
1 0.3464285714285714 0.36333333333333334 0.0869047619047619 0.1
0 0.7773809523809524 0.2866666666666667 0.1738095238095238 0.23166666666666666
0 0.11904761904761904 0.085 0.14642857142857144 0.16333333333333333
1 0.9202380952380952 0.17666666666666667 0.1595238095238095 0.22666666666666666
1 0.13095238095238096 0.20166666666666666 0.12142857142857143 0.14333333333333334
1 0.29523809523809524 0.5233333333333333 0.12142857142857143 0.13166666666666665
1 0.4154761904761905 0.5466666666666666 0.10714285714285714 0.14333333333333334
1 0.5726190476190476 0.43 0.13452380952380952 0.17333333333333334
1 0.6083333333333333 0.725 0.14404761904761904 0.2
1 0.0988095238095238 0.42 0.1261904761904762 0.15
1 0.20238095238095238 0.3883333333333333 0.1523809523809524 0.19666666666666666
0 0.18452380952380953 0.49166666666666664 0.05714285714285714 0.06166666666666667
1 0.2261904761904762 0.495 0.030952380952380953 0.03833333333333333
1 0.9107142857142857 0.03 0.05119047619047619 0.03833333333333333
1 0.8166666666666667 0.051666666666666666 0.05 0.045
1 0.36428571428571427 0.11 0.10357142857142858 0.10333333333333333