0 0.02857142857142857 0.4533333333333333 0.05476190476190476 0.09833333333333333
1 0.29642857142857143 0.625 0.14761904761904762 0.17166666666666666
0 0.04523809523809524 0.6916666666666667 0.07976190476190476 0.105
1 0.8452380952380952 0.10166666666666667 0.1630952380952381 0.19833333333333333
1 0.9178571428571428 0.3233333333333333 0.13095238095238096 0.17166666666666666
1 0.37976190476190474 0.06333333333333334 0.058333333333333334 0.08333333333333333
1 0.09523809523809523 0.36666666666666664 0.06904761904761905 0.08666666666666667
0 0.7476190476190476 0.27166666666666667 0.19166666666666668 0.20666666666666667
0 0.04047619047619048 0.555 0.08095238095238096 0.17833333333333334
1 0.30952380952380953 0.7866666666666666 0.1357142857142857 0.175
1 0.30833333333333335 0.15166666666666667 0.11428571428571428 0.13833333333333334
0 0.4595238095238095 0.035 0.10238095238095238 0.06833333333333333
1 0.060714285714285714 0.825 0.12142857142857143 0.17666666666666667
1 0.7476190476190476 0.7766666666666666 0.18452380952380953 0.25666666666666665
1 0.1619047619047619 0.6933333333333334 0.1880952380952381 0.23333333333333334
1 0.49047619047619045 0.7166666666666667 0.125 0.175
1 0.6333333333333333 0.48 0.14404761904761904 0.19
1 0.2392857142857143 0.8016666666666666 0.09642857142857143 0.11666666666666667
0 0.16904761904761906 0.8316666666666667 0.12261904761904761 0.095
0 0.6797619047619048 0.6333333333333333 0.14285714285714285 0.18
1 0.9023809523809524 0.25166666666666665 0.14047619047619048 0.13166666666666665