1 0.35 0.2966666666666667 0.08571428571428572 0.11333333333333333
1 0.9821428571428571 0.23833333333333334 0.03571428571428571 0.056666666666666664
0 0.3 0.38 0.10833333333333334 0.1
1 0.7916666666666666 0.16 0.04285714285714286 0.06333333333333334
1 0.1357142857142857 0.24166666666666667 0.13452380952380952 0.15833333333333333
0 0.28095238095238095 0.27166666666666667 0.08928571428571429 0.10666666666666667
1 0.930952380952381 0.25166666666666665 0.07023809523809524 0.09
1 0.025 0.075 0.05 0.085
1 0.30714285714285716 0.17 0.10119047619047619 0.11
1 0.7392857142857143 0.44 0.08095238095238096 0.095
1 0.25595238095238093 0.465 0.12380952380952381 0.13666666666666666
0 0.4023809523809524 0.3416666666666667 0.12380952380952381 0.15333333333333332
1 0.3488095238095238 0.49 0.1130952380952381 0.18166666666666667
1 0.8023809523809524 0.5083333333333333 0.10238095238095238 0.135
1 0.4261904761904762 0.20166666666666666 0.09523809523809523 0.14166666666666666
1 0.8547619047619047 0.25166666666666665 0.0630952380952381 0.075
1 0.14285714285714285 0.6433333333333333 0.16904761904761906 0.18666666666666668
1 0.27380952380952384 0.655 0.15357142857142858 0.18666666666666668
1 0.30952380952380953 0.045 0.04523809523809524 0.05
1 0.40476190476190477 0.04 0.036904761904761905 0.03166666666666667
1 0.1630952380952381 0.04666666666666667 0.04523809523809524 0.043333333333333335