1 0.41785714285714287 0.7816666666666666 0.10952380952380952 0.12333333333333334
0 0.02857142857142857 0.165 0.055952380952380955 0.085
0 0.010714285714285714 0.041666666666666664 0.02142857142857143 0.07833333333333334
1 0.8345238095238096 0.7033333333333334 0.10238095238095238 0.11833333333333333
1 0.3488095238095238 0.145 0.06190476190476191 0.04833333333333333
1 0.10119047619047619 0.07666666666666666 0.09285714285714286 0.10666666666666667
0 0.30357142857142855 0.87 0.11190476190476191 0.16
1 0.02738095238095238 0.4033333333333333 0.05476190476190476 0.09833333333333333
1 0.5 0.7233333333333334 0.0869047619047619 0.12
1 0.03214285714285714 0.275 0.06190476190476191 0.09333333333333334
1 0.28095238095238095 0.16833333333333333 0.0869047619047619 0.11833333333333333
1 0.8142857142857143 0.6366666666666667 0.10833333333333334 0.14166666666666666
0 0.6607142857142857 0.09166666666666666 0.05 0.06666666666666667
1 0.9357142857142857 0.39 0.12380952380952381 0.155
0 0.7392857142857143 0.575 0.11190476190476191 0.14
1 0.35595238095238096 0.9483333333333334 0.11904761904761904 0.10166666666666667
1 0.10833333333333334 0.3983333333333333 0.07738095238095238 0.10833333333333334
1 0.8773809523809524 0.21166666666666667 0.15357142857142858 0.215
1 0.23214285714285715 0.8333333333333334 0.10833333333333334 0.17333333333333334
1 0.705952380952381 0.7883333333333333 0.0869047619047619 0.11833333333333333
0 0.19285714285714287 0.17333333333333334 0.12857142857142856 0.15833333333333333
1 0.7583333333333333 0.115 0.08095238095238096 0.10166666666666667
1 0.5535714285714286 0.8283333333333334 0.0880952380952381 0.14166666666666666
0 0.10714285714285714 0.7766666666666666 0.1738095238095238 0.225
1 0.1 0.52 0.0880952380952381 0.14166666666666666
1 0.45714285714285713 0.8783333333333333 0.1261904761904762 0.19
0 0.7952380952380952 0.34833333333333333 0.15833333333333333 0.185
1 0.9095238095238095 0.49666666666666665 0.09047619047619047 0.12666666666666668