1 0.18214285714285713 0.4083333333333333 0.04880952380952381 0.03333333333333333
1 0.38333333333333336 0.6 0.060714285714285714 0.10666666666666667
1 0.3261904761904762 0.03833333333333333 0.05476190476190476 0.06333333333333334
1 0.525 0.7883333333333333 0.04642857142857143 0.065
0 0.4380952380952381 0.03333333333333333 0.030952380952380953 0.045
0 0.11547619047619048 0.36666666666666664 0.04642857142857143 0.06666666666666667
0 0.6583333333333333 0.20333333333333334 0.03571428571428571 0.045
1 0.7714285714285715 0.5966666666666667 0.08333333333333333 0.13666666666666666
1 0.4845238095238095 0.7816666666666666 0.058333333333333334 0.08
0 0.16547619047619047 0.11833333333333333 0.04880952380952381 0.056666666666666664
1 0.2226190476190476 0.6316666666666667 0.11904761904761904 0.13666666666666666
1 0.4773809523809524 0.03833333333333333 0.05119047619047619 0.06666666666666667
1 0.45476190476190476 0.6033333333333334 0.07857142857142857 0.11
1 0.4226190476190476 0.735 0.08214285714285714 0.11
1 0.23809523809523808 0.7466666666666667 0.08095238095238096 0.10666666666666667
1 0.36666666666666664 0.08833333333333333 0.05357142857142857 0.09333333333333334
1 0.7107142857142857 0.6033333333333334 0.1 0.13333333333333333
1 0.5273809523809524 0.7083333333333334 0.06666666666666667 0.09
0 0.22023809523809523 0.135 0.04523809523809524 0.06333333333333334