0 0.4928571428571429 0.7216666666666667 0.11904761904761904 0.15666666666666668
0 0.02857142857142857 0.11166666666666666 0.03571428571428571 0.043333333333333335
0 0.060714285714285714 0.18166666666666667 0.04642857142857143 0.06166666666666667
0 0.036904761904761905 0.4266666666666667 0.07023809523809524 0.115
0 0.4988095238095238 0.15166666666666667 0.05119047619047619 0.06666666666666667
0 0.4880952380952381 0.21 0.03571428571428571 0.04833333333333333
0 0.1869047619047619 0.4083333333333333 0.047619047619047616 0.07333333333333333
0 0.24285714285714285 0.41 0.04404761904761905 0.06166666666666667
0 0.2845238095238095 0.4266666666666667 0.036904761904761905 0.05333333333333334
0 0.36666666666666664 0.43 0.05119047619047619 0.06833333333333333
0 0.42023809523809524 0.43666666666666665 0.05952380952380952 0.10333333333333333
0 0.375 0.5183333333333333 0.05238095238095238 0.07
0 0.42738095238095236 0.52 0.04285714285714286 0.05333333333333334
0 0.45357142857142857 0.6433333333333333 0.08571428571428572 0.12833333333333333
0 0.5297619047619048 0.27166666666666667 0.04523809523809524 0.06833333333333333
0 0.5797619047619048 0.28833333333333333 0.039285714285714285 0.056666666666666664
0 0.5511904761904762 0.21166666666666667 0.036904761904761905 0.06166666666666667
0 0.4928571428571429 0.43833333333333335 0.060714285714285714 0.09
0 0.5202380952380953 0.375 0.04642857142857143 0.07333333333333333
0 0.5654761904761905 0.3566666666666667 0.055952380952380955 0.085
0 0.6964285714285714 0.37 0.05476190476190476 0.06833333333333333
0 0.6857142857142857 0.2633333333333333 0.0988095238095238 0.13166666666666665
0 0.20595238095238094 0.82 0.05952380952380952 0.08