0 0.2523809523809524 0.7733333333333333 0.12380952380952381 0.185
0 0.41309523809523807 0.7233333333333334 0.125 0.18666666666666668
0 0.6392857142857142 0.5433333333333333 0.09166666666666666 0.13833333333333334
0 0.6 0.6583333333333333 0.08928571428571429 0.13333333333333333
0 0.31785714285714284 0.5166666666666667 0.12857142857142856 0.19333333333333333
0 0.3952380952380952 0.9083333333333333 0.11547619047619048 0.17333333333333334
0 0.7035714285714286 0.5883333333333334 0.060714285714285714 0.09
0 0.06785714285714285 0.2733333333333333 0.08214285714285714 0.08333333333333333
0 0.6464285714285715 0.07166666666666667 0.11190476190476191 0.12333333333333334
0 0.7773809523809524 0.14833333333333334 0.058333333333333334 0.095
0 0.5392857142857143 0.6816666666666666 0.12142857142857143 0.17
0 0.8869047619047619 0.6983333333333334 0.06666666666666667 0.11166666666666666