0 0.39166666666666666 0.345 0.09047619047619047 0.09333333333333334
0 0.925 0.77 0.06904761904761905 0.06333333333333334
0 0.24285714285714285 0.165 0.06428571428571428 0.08833333333333333
0 0.5869047619047619 0.13166666666666665 0.04642857142857143 0.10166666666666667
0 0.5023809523809524 0.2916666666666667 0.06904761904761905 0.1
0 0.34523809523809523 0.35333333333333333 0.07261904761904762 0.11333333333333333
0 0.475 0.115 0.05238095238095238 0.1
0 0.8857142857142857 0.7266666666666667 0.07857142857142857 0.07833333333333334
0 0.9476190476190476 0.7066666666666667 0.08333333333333333 0.08333333333333333
0 0.20952380952380953 0.305 0.07857142857142857 0.09
0 0.5452380952380952 0.275 0.11071428571428571 0.145
0 0.5297619047619048 0.135 0.10833333333333334 0.145
0 0.18095238095238095 0.205 0.14404761904761904 0.17
0 0.3142857142857143 0.19 0.11666666666666667 0.145
0 0.6773809523809524 0.47833333333333333 0.1488095238095238 0.18666666666666668
0 0.8154761904761905 0.6116666666666667 0.19642857142857142 0.24
0 0.7011904761904761 0.7166666666666667 0.16547619047619047 0.19833333333333333
0 0.5107142857142857 0.7016666666666667 0.16666666666666666 0.22333333333333333