0 0.11428571428571428 0.755 0.14523809523809525 0.21833333333333332
0 0.09047619047619047 0.5766666666666667 0.055952380952380955 0.085
0 0.30238095238095236 0.5766666666666667 0.14404761904761904 0.215
0 0.42023809523809524 0.635 0.06785714285714285 0.10166666666666667
0 0.49404761904761907 0.64 0.06190476190476191 0.09333333333333334
0 0.5857142857142857 0.6466666666666666 0.13690476190476192 0.205
0 0.7023809523809523 0.8316666666666667 0.125 0.18833333333333332
0 0.7119047619047619 0.6216666666666667 0.13095238095238096 0.19666666666666666
0 0.7869047619047619 0.17666666666666667 0.11428571428571428 0.17166666666666666
0 0.8297619047619048 0.605 0.14523809523809525 0.21666666666666667
0 0.8321428571428572 0.43 0.08928571428571429 0.12333333333333334
0 0.7702380952380953 0.35 0.11428571428571428 0.12