1 0.3976190476190476 0.04833333333333333 0.11190476190476191 0.09666666666666666
0 0.7297619047619047 0.585 0.08571428571428572 0.07
0 0.8857142857142857 0.5683333333333334 0.06428571428571428 0.043333333333333335
0 0.9369047619047619 0.52 0.09047619047619047 0.06166666666666667
0 0.8428571428571429 0.505 0.10238095238095238 0.08666666666666667
0 0.580952380952381 0.5983333333333334 0.08571428571428572 0.07
0 0.5428571428571428 0.7633333333333333 0.13690476190476192 0.10666666666666667
0 0.8166666666666667 0.5666666666666667 0.06785714285714285 0.05333333333333334
0 0.13095238095238096 0.02666666666666667 0.09761904761904762 0.05333333333333334
0 0.1880952380952381 0.635 0.17261904761904762 0.10833333333333334
0 0.7464285714285714 0.3616666666666667 0.10595238095238095 0.095
0 0.15833333333333333 0.7283333333333334 0.1619047619047619 0.12333333333333334
0 0.3273809523809524 0.3433333333333333 0.13095238095238096 0.10833333333333334
0 0.4261904761904762 0.7166666666666667 0.15 0.11833333333333333
0 0.4869047619047619 0.20666666666666667 0.15357142857142858 0.10166666666666667
0 0.20595238095238094 0.5333333333333333 0.14523809523809525 0.09666666666666666
0 0.4654761904761905 0.095 0.1619047619047619 0.13
0 0.25595238095238093 0.055 0.13095238095238096 0.11
0 0.5523809523809524 0.13166666666666665 0.15 0.13666666666666666
0 0.43214285714285716 0.295 0.14166666666666666 0.11833333333333333
0 0.19523809523809524 0.3883333333333333 0.15476190476190477 0.12666666666666668
0 0.569047619047619 0.345 0.16785714285714284 0.13833333333333334
0 0.42142857142857143 0.92 0.1738095238095238 0.16
1 0.875 0.10666666666666667 0.06428571428571428 0.05333333333333334
1 0.944047619047619 0.18 0.06190476190476191 0.05