0 0.6976190476190476 0.18333333333333332 0.07023809523809524 0.06666666666666667
0 0.18571428571428572 0.215 0.06428571428571428 0.10166666666666667
0 0.29523809523809524 0.6833333333333333 0.10714285714285714 0.085
1 0.9892857142857143 0.43833333333333335 0.02023809523809524 0.11166666666666666
0 0.675 0.035 0.07142857142857142 0.07
0 0.3547619047619048 0.515 0.055952380952380955 0.07
1 0.8476190476190476 0.22333333333333333 0.07023809523809524 0.08666666666666667
1 0.6916666666666667 0.23166666666666666 0.08095238095238096 0.12
0 0.33214285714285713 0.865 0.07738095238095238 0.12
1 0.9357142857142857 0.3416666666666667 0.06904761904761905 0.08833333333333333
1 0.8226190476190476 0.31166666666666665 0.07142857142857142 0.08166666666666667
0 0.12380952380952381 0.86 0.175 0.215
0 0.5928571428571429 0.21833333333333332 0.05119047619047619 0.06833333333333333
1 0.24285714285714285 0.49833333333333335 0.12976190476190477 0.15666666666666668
0 0.7047619047619048 0.5416666666666666 0.12976190476190477 0.18
0 0.08214285714285714 0.64 0.12142857142857143 0.13166666666666665
0 0.4369047619047619 0.08166666666666667 0.08214285714285714 0.12333333333333334
1 0.7083333333333334 0.09833333333333333 0.0761904761904762 0.09
0 0.1976190476190476 0.6466666666666666 0.12261904761904761 0.14333333333333334
1 0.12857142857142856 0.08666666666666667 0.0880952380952381 0.1
1 0.6059523809523809 0.595 0.1380952380952381 0.19666666666666666
1 0.7821428571428571 0.22666666666666666 0.08571428571428572 0.12333333333333334
1 0.8047619047619048 0.845 0.15833333333333333 0.23333333333333334
1 0.8511904761904762 0.5833333333333334 0.16785714285714284 0.23
1 0.2773809523809524 0.365 0.07142857142857142 0.09833333333333333
0 0.20357142857142857 0.11833333333333333 0.075 0.09333333333333334