0 0.31666666666666665 0.5416666666666666 0.041666666666666664 0.06
0 0.2904761904761905 0.9783333333333334 0.12738095238095237 0.043333333333333335
0 0.2773809523809524 0.9283333333333333 0.04642857142857143 0.06
0 0.22857142857142856 0.8916666666666667 0.07261904761904762 0.095
0 0.24642857142857144 0.555 0.0880952380952381 0.07833333333333334
0 0.3404761904761905 0.07333333333333333 0.16904761904761906 0.145
0 0.5988095238095238 0.6583333333333333 0.075 0.1
1 0.45 0.615 0.0988095238095238 0.12833333333333333
1 0.7035714285714286 0.5716666666666667 0.07380952380952381 0.07
0 0.36904761904761907 0.5016666666666667 0.08928571428571429 0.13166666666666665
0 0.16785714285714284 0.8116666666666666 0.09404761904761905 0.11
0 0.31666666666666665 0.13 0.16071428571428573 0.14833333333333334
0 0.1988095238095238 0.05333333333333334 0.14285714285714285 0.105
0 0.2892857142857143 0.7233333333333334 0.2011904761904762 0.2633333333333333
0 0.7083333333333334 0.43 0.21785714285714286 0.25666666666666665
0 0.8178571428571428 0.07833333333333334 0.17023809523809524 0.15666666666666668
1 0.6130952380952381 0.5333333333333333 0.10238095238095238 0.12666666666666668
0 0.844047619047619 0.27 0.2369047619047619 0.27166666666666667
0 0.39404761904761904 0.8683333333333333 0.1619047619047619 0.22