0 0.023809523809523808 0.65 0.047619047619047616 0.06833333333333333
0 0.041666666666666664 0.52 0.07023809523809524 0.08833333333333333
1 0.41309523809523807 0.5683333333333334 0.05357142857142857 0.058333333333333334
0 0.7904761904761904 0.37 0.039285714285714285 0.05333333333333334
1 0.844047619047619 0.6783333333333333 0.08214285714285714 0.095
0 0.0869047619047619 0.58 0.06904761904761905 0.08666666666666667
0 0.775 0.47 0.0761904761904762 0.11833333333333333
1 0.7583333333333333 0.585 0.09523809523809523 0.11833333333333333
1 0.9642857142857143 0.3433333333333333 0.07142857142857142 0.115
1 0.8476190476190476 0.515 0.10238095238095238 0.13166666666666665
1 0.3761904761904762 0.5116666666666667 0.11071428571428571 0.14166666666666666
1 0.45357142857142857 0.8283333333333334 0.1380952380952381 0.19833333333333333
1 0.09404761904761905 0.4716666666666667 0.12023809523809524 0.13
1 0.44285714285714284 0.45666666666666667 0.08214285714285714 0.1
1 0.25833333333333336 0.41 0.09166666666666666 0.06333333333333334