0 0.1261904761904762 0.36333333333333334 0.06190476190476191 0.095
0 0.04642857142857143 0.7366666666666667 0.039285714285714285 0.058333333333333334
1 0.06547619047619048 0.8166666666666667 0.10952380952380952 0.11666666666666667
0 0.8071428571428572 0.30666666666666664 0.1130952380952381 0.08
0 0.06785714285714285 0.61 0.12738095238095237 0.14166666666666666
0 0.4642857142857143 0.47 0.10476190476190476 0.15666666666666668
0 0.95 0.18 0.1 0.145
0 0.12380952380952381 0.5 0.18452380952380953 0.18666666666666668
0 0.31666666666666665 0.3433333333333333 0.13333333333333333 0.15666666666666668
0 0.719047619047619 0.4816666666666667 0.12380952380952381 0.165
0 0.830952380952381 0.5533333333333333 0.16428571428571428 0.18166666666666667
0 0.4857142857142857 0.18666666666666668 0.13452380952380952 0.155
0 0.2726190476190476 0.18666666666666668 0.1357142857142857 0.16
0 0.9273809523809524 0.4216666666666667 0.14047619047619048 0.15666666666666668
0 0.42857142857142855 0.325 0.13095238095238096 0.15166666666666667
0 0.5678571428571428 0.5083333333333333 0.14523809523809525 0.18166666666666667
0 0.4023809523809524 0.415 0.06666666666666667 0.08833333333333333