0 0.3726190476190476 0.7683333333333333 0.036904761904761905 0.06333333333333334
1 0.9035714285714286 0.47 0.04523809523809524 0.056666666666666664
1 0.44642857142857145 0.13833333333333334 0.02261904761904762 0.03
1 0.38452380952380955 0.12166666666666667 0.03214285714285714 0.03
0 0.7714285714285715 0.3433333333333333 0.02857142857142857 0.041666666666666664
0 0.013095238095238096 0.4 0.025 0.06333333333333334
1 0.5 0.17666666666666667 0.02976190476190476 0.03333333333333333
1 0.18095238095238095 0.13333333333333333 0.036904761904761905 0.043333333333333335
1 0.5047619047619047 0.145 0.02619047619047619 0.03333333333333333
0 0.011904761904761904 0.9466666666666667 0.023809523809523808 0.058333333333333334
1 0.5916666666666667 0.105 0.02857142857142857 0.03833333333333333
0 0.46190476190476193 0.6566666666666666 0.036904761904761905 0.058333333333333334
0 0.4107142857142857 0.71 0.04880952380952381 0.07166666666666667
1 0.4714285714285714 0.15666666666666668 0.02976190476190476 0.043333333333333335
1 0.24404761904761904 0.28833333333333333 0.039285714285714285 0.04666666666666667
0 0.5964285714285714 0.13166666666666665 0.02738095238095238 0.035
1 0.4785714285714286 0.10666666666666667 0.02976190476190476 0.04
1 0.10357142857142858 0.4766666666666667 0.05 0.06
0 0.6297619047619047 0.935 0.05119047619047619 0.06833333333333333
0 0.2357142857142857 0.545 0.04404761904761905 0.05333333333333334
0 0.6869047619047619 0.9483333333333334 0.0630952380952381 0.08
1 0.38452380952380955 0.16 0.04047619047619048 0.051666666666666666
1 0.5678571428571428 0.09666666666666666 0.034523809523809526 0.04666666666666667
1 0.4 0.18833333333333332 0.02976190476190476 0.043333333333333335
0 0.6011904761904762 0.38166666666666665 0.04285714285714286 0.05333333333333334
0 0.8571428571428571 0.9566666666666667 0.055952380952380955 0.05
0 0.7642857142857142 0.3883333333333333 0.03333333333333333 0.045
1 0.9047619047619048 0.49833333333333335 0.04642857142857143 0.051666666666666666
1 0.034523809523809526 0.47 0.06904761904761905 0.07333333333333333
1 0.8023809523809524 0.3566666666666667 0.05238095238095238 0.07166666666666667
0 0.1988095238095238 0.77 0.0761904761904762 0.09833333333333333
1 0.8321428571428572 0.425 0.06190476190476191 0.07
1 0.9464285714285714 0.4683333333333333 0.05119047619047619 0.065
1 0.1880952380952381 0.49166666666666664 0.04523809523809524 0.06666666666666667
0 0.28809523809523807 0.8066666666666666 0.08452380952380953 0.11833333333333333
1 0.19047619047619047 0.865 0.09642857142857143 0.13166666666666665
1 0.8464285714285714 0.7366666666666667 0.11428571428571428 0.145
1 0.20357142857142857 0.12 0.030952380952380953 0.03333333333333333
1 0.24285714285714285 0.17 0.04285714285714286 0.055
1 0.3464285714285714 0.08666666666666667 0.02857142857142857 0.043333333333333335