0 0.15833333333333333 0.8833333333333333 0.07976190476190476 0.11166666666666666
0 0.0988095238095238 0.6616666666666666 0.08571428571428572 0.115
0 0.36904761904761907 0.7433333333333333 0.04285714285714286 0.06666666666666667
0 0.09642857142857143 0.45666666666666667 0.04285714285714286 0.056666666666666664
0 0.13333333333333333 0.4866666666666667 0.041666666666666664 0.058333333333333334
0 0.8357142857142857 0.6633333333333333 0.06428571428571428 0.07833333333333334
0 0.844047619047619 0.53 0.07142857142857142 0.09833333333333333
0 0.31666666666666665 0.24 0.039285714285714285 0.06
0 0.594047619047619 0.20166666666666666 0.039285714285714285 0.051666666666666666
0 0.5773809523809523 0.3016666666666667 0.05 0.075
0 0.3476190476190476 0.5433333333333333 0.055952380952380955 0.06333333333333334
0 0.4369047619047619 0.54 0.05476190476190476 0.08166666666666667
0 0.4666666666666667 0.6466666666666666 0.05952380952380952 0.07166666666666667
0 0.4226190476190476 0.36 0.04047619047619048 0.056666666666666664
0 0.5535714285714286 0.4866666666666667 0.03214285714285714 0.043333333333333335
0 0.5702380952380952 0.5283333333333333 0.06428571428571428 0.06166666666666667
0 0.9261904761904762 0.6133333333333333 0.06428571428571428 0.08833333333333333
0 0.5428571428571428 0.325 0.0380952380952381 0.06666666666666667