1 0.9452380952380952 0.47333333333333333 0.08452380952380953 0.1
0 0.46904761904761905 0.2633333333333333 0.06904761904761905 0.08166666666666667
0 0.7309523809523809 0.42 0.07023809523809524 0.11333333333333333
0 0.3261904761904762 0.21166666666666667 0.07380952380952381 0.08833333333333333
0 0.5892857142857143 0.3883333333333333 0.05476190476190476 0.07
0 0.7607142857142857 0.5816666666666667 0.09047619047619047 0.12
0 0.44047619047619047 0.51 0.09404761904761905 0.12333333333333334
0 0.6214285714285714 0.4583333333333333 0.08214285714285714 0.10333333333333333
0 0.8369047619047619 0.565 0.08452380952380953 0.10833333333333334
0 0.38452380952380955 0.13 0.08095238095238096 0.09
0 0.3345238095238095 0.07166666666666667 0.07857142857142857 0.10833333333333334
0 0.15 0.8083333333333333 0.11904761904761904 0.20666666666666667
0 0.19166666666666668 0.425 0.17261904761904762 0.205
0 0.23214285714285715 0.8583333333333333 0.16785714285714284 0.23333333333333334
0 0.14285714285714285 0.205 0.1869047619047619 0.23166666666666666
0 0.31785714285714284 0.3516666666666667 0.14404761904761904 0.19333333333333333
0 0.3904761904761905 0.7883333333333333 0.19523809523809524 0.255
0 0.5047619047619047 0.19166666666666668 0.05476190476190476 0.08
0 0.8428571428571429 0.18166666666666667 0.058333333333333334 0.075
0 0.8238095238095238 0.11666666666666667 0.05119047619047619 0.075
0 0.4392857142857143 0.07666666666666666 0.060714285714285714 0.08333333333333333
1 0.3726190476190476 0.4716666666666667 0.05476190476190476 0.07833333333333334