0 0.25357142857142856 0.5566666666666666 0.11190476190476191 0.16833333333333333
0 0.33690476190476193 0.14333333333333334 0.08571428571428572 0.11
0 0.2702380952380952 0.215 0.12976190476190477 0.14
0 0.4738095238095238 0.6466666666666666 0.10833333333333334 0.17333333333333334
0 0.4023809523809524 0.765 0.07142857142857142 0.13166666666666665
0 0.4607142857142857 0.8516666666666667 0.09761904761904762 0.14833333333333334
0 0.5547619047619048 0.5516666666666666 0.07738095238095238 0.11666666666666667
0 0.6071428571428571 0.6366666666666667 0.12142857142857143 0.15
0 0.6869047619047619 0.5966666666666667 0.04880952380952381 0.07833333333333334
0 0.7738095238095238 0.23333333333333334 0.07261904761904762 0.13333333333333333
0 0.8369047619047619 0.21666666666666667 0.05476190476190476 0.08833333333333333
0 0.9178571428571428 0.056666666666666664 0.04404761904761905 0.056666666666666664
0 0.780952380952381 0.455 0.09642857142857143 0.12666666666666668
0 0.5178571428571429 0.7516666666666667 0.08214285714285714 0.12
0 0.7166666666666667 0.365 0.03333333333333333 0.05333333333333334