1 0.017857142857142856 0.26666666666666666 0.03571428571428571 0.06833333333333333
0 0.4083333333333333 0.335 0.09047619047619047 0.08
0 0.5642857142857143 0.5983333333333334 0.04404761904761905 0.06666666666666667
0 0.6726190476190477 0.4533333333333333 0.05952380952380952 0.07
0 0.09761904761904762 0.07333333333333333 0.04880952380952381 0.075
0 0.0630952380952381 0.11166666666666666 0.06190476190476191 0.06333333333333334
0 0.49523809523809526 0.17833333333333334 0.05 0.07666666666666666
0 0.6952380952380952 0.4 0.07380952380952381 0.08
0 0.9809523809523809 0.115 0.0380952380952381 0.08333333333333333
0 0.14523809523809525 0.03 0.05238095238095238 0.056666666666666664
1 0.11785714285714285 0.7083333333333334 0.07261904761904762 0.105
0 0.45714285714285713 0.27166666666666667 0.0869047619047619 0.10833333333333334
0 0.17261904761904762 0.545 0.10476190476190476 0.105
0 0.8797619047619047 0.3566666666666667 0.11071428571428571 0.11833333333333333
0 0.5476190476190477 0.21666666666666667 0.06904761904761905 0.08666666666666667
1 0.7642857142857142 0.4666666666666667 0.11547619047619048 0.12833333333333333
0 0.15595238095238095 0.45 0.09166666666666666 0.09
0 0.9488095238095238 0.7083333333333334 0.10238095238095238 0.15666666666666668
1 0.17857142857142858 0.22 0.04523809523809524 0.058333333333333334
0 0.24761904761904763 0.08666666666666667 0.0630952380952381 0.08333333333333333
0 0.21666666666666667 0.155 0.07142857142857142 0.08166666666666667
0 0.5190476190476191 0.7016666666666667 0.11547619047619048 0.14666666666666667
0 0.8595238095238096 0.7616666666666667 0.12857142857142856 0.155
0 0.15714285714285714 0.955 0.09047619047619047 0.09
0 0.7535714285714286 0.7483333333333333 0.11190476190476191 0.15166666666666667
0 0.16666666666666666 0.8233333333333334 0.09761904761904762 0.115
0 0.3535714285714286 0.5916666666666667 0.125 0.13166666666666665
0 0.8726190476190476 0.4716666666666667 0.13690476190476192 0.14
0 0.5154761904761904 0.415 0.15119047619047618 0.16666666666666666
0 0.18928571428571428 0.6683333333333333 0.16071428571428573 0.18166666666666667
0 0.4642857142857143 0.5866666666666667 0.125 0.14333333333333334
0 0.2904761904761905 0.49166666666666664 0.14285714285714285 0.16333333333333333
0 0.6083333333333333 0.8116666666666666 0.1380952380952381 0.17833333333333334
1 0.06547619047619048 0.3616666666666667 0.05476190476190476 0.058333333333333334
0 0.08928571428571429 0.5333333333333333 0.0380952380952381 0.041666666666666664
0 0.016666666666666666 0.075 0.03333333333333333 0.08833333333333333