1 0.25833333333333336 0.025 0.09523809523809523 0.04833333333333333
1 0.9202380952380952 0.40166666666666667 0.10476190476190476 0.11
0 0.23452380952380952 0.27166666666666667 0.08571428571428572 0.125
0 0.3142857142857143 0.43 0.1130952380952381 0.10833333333333334
0 0.07976190476190476 0.055 0.08452380952380953 0.1
0 0.2130952380952381 0.44333333333333336 0.14285714285714285 0.115
1 0.9333333333333333 0.03833333333333333 0.09761904761904762 0.07666666666666666
1 0.9654761904761905 0.49333333333333335 0.06904761904761905 0.115
0 0.8416666666666667 0.42333333333333334 0.0880952380952381 0.11166666666666666
0 0.40595238095238095 0.49833333333333335 0.08452380952380953 0.11833333333333333
1 0.6845238095238095 0.745 0.09523809523809523 0.135
1 0.7916666666666666 0.7966666666666666 0.10833333333333334 0.115
1 0.30357142857142855 0.5366666666666666 0.14047619047619048 0.15
1 0.8845238095238095 0.55 0.1357142857142857 0.16
1 0.16666666666666666 0.33666666666666667 0.15833333333333333 0.22166666666666668
1 0.7523809523809524 0.69 0.10833333333333334 0.15
1 0.9523809523809523 0.3233333333333333 0.09404761904761905 0.12166666666666667