0 0.1773809523809524 0.35333333333333333 0.0630952380952381 0.09333333333333334
0 0.19166666666666668 0.43833333333333335 0.07142857142857142 0.08833333333333333
0 0.22023809523809523 0.4816666666666667 0.04642857142857143 0.06666666666666667
0 0.35833333333333334 0.3983333333333333 0.075 0.1
0 0.2845238095238095 0.43666666666666665 0.047619047619047616 0.058333333333333334
0 0.45714285714285713 0.47333333333333333 0.06547619047619048 0.1
0 0.5047619047619047 0.5716666666666667 0.03571428571428571 0.051666666666666666
0 0.48333333333333334 0.6083333333333333 0.034523809523809526 0.06
0 0.49404761904761907 0.7 0.05357142857142857 0.07333333333333333
0 0.6261904761904762 0.4816666666666667 0.02738095238095238 0.043333333333333335
0 0.8607142857142858 0.405 0.05 0.065
0 0.7488095238095238 0.5633333333333334 0.05238095238095238 0.07833333333333334
0 0.6785714285714286 0.5466666666666666 0.04880952380952381 0.065
0 0.6476190476190476 0.6016666666666667 0.04285714285714286 0.07166666666666667
0 0.7047619047619048 0.6316666666666667 0.047619047619047616 0.06833333333333333
0 0.6202380952380953 0.6383333333333333 0.04047619047619048 0.055
0 0.6595238095238095 0.685 0.04285714285714286 0.055
0 0.6107142857142858 0.7416666666666667 0.041666666666666664 0.05333333333333334
0 0.07380952380952381 0.5533333333333333 0.030952380952380953 0.03166666666666667
0 0.1630952380952381 0.49 0.02738095238095238 0.043333333333333335