1 0.7904761904761904 0.7483333333333333 0.06904761904761905 0.09666666666666666
0 0.888095238095238 0.015 0.04285714285714286 0.03
0 0.26071428571428573 0.8933333333333333 0.06785714285714285 0.06833333333333333
1 0.6797619047619048 0.018333333333333333 0.07261904761904762 0.035
1 0.3107142857142857 0.016666666666666666 0.07380952380952381 0.03166666666666667
1 0.930952380952381 0.5933333333333334 0.07380952380952381 0.09333333333333334
1 0.5392857142857143 0.8866666666666667 0.09404761904761905 0.14666666666666667
1 0.3619047619047619 0.935 0.1130952380952381 0.13
1 0.7202380952380952 0.755 0.07738095238095238 0.10833333333333334
1 0.8595238095238096 0.5716666666666667 0.08452380952380953 0.12
1 0.44642857142857145 0.9166666666666666 0.10714285714285714 0.15333333333333332
1 0.8940476190476191 0.7466666666666667 0.08571428571428572 0.11
1 0.8678571428571429 0.45166666666666666 0.0988095238095238 0.12666666666666668
1 0.35 0.3383333333333333 0.13214285714285715 0.16833333333333333
1 0.5654761904761905 0.6316666666666667 0.10833333333333334 0.15333333333333332
1 0.15357142857142858 0.5 0.16071428571428573 0.19166666666666668
1 0.14166666666666666 0.6283333333333333 0.15357142857142858 0.16166666666666665
1 0.16666666666666666 0.84 0.14047619047619048 0.195
1 0.3011904761904762 0.165 0.1595238095238095 0.21166666666666667
1 0.9678571428571429 0.021666666666666667 0.05952380952380952 0.043333333333333335
1 0.4595238095238095 0.7716666666666666 0.11785714285714285 0.07833333333333334