0 0.16428571428571428 0.4216666666666667 0.07142857142857142 0.08333333333333333
0 0.2833333333333333 0.77 0.08452380952380953 0.13333333333333333
0 0.4023809523809524 0.6766666666666666 0.10238095238095238 0.13666666666666666
0 0.49047619047619045 0.2866666666666667 0.06785714285714285 0.08
0 0.6583333333333333 0.3416666666666667 0.0630952380952381 0.08833333333333333
0 0.544047619047619 0.5416666666666666 0.08571428571428572 0.12333333333333334
0 0.5035714285714286 0.7133333333333334 0.07738095238095238 0.11833333333333333
0 0.569047619047619 0.715 0.05476190476190476 0.07
0 0.5666666666666667 0.8283333333333334 0.0988095238095238 0.13833333333333334
0 0.6333333333333333 0.8866666666666667 0.07261904761904762 0.10166666666666667
0 0.5571428571428572 0.43666666666666665 0.07023809523809524 0.075
0 0.6309523809523809 0.4716666666666667 0.07380952380952381 0.08
0 0.7904761904761904 0.595 0.07261904761904762 0.1
0 0.9166666666666666 0.465 0.07023809523809524 0.09833333333333333
0 0.9083333333333333 0.34833333333333333 0.05476190476190476 0.06833333333333333
0 0.9857142857142858 0.5783333333333334 0.02738095238095238 0.07333333333333333