0 0.13095238095238096 0.975 0.07261904761904762 0.04833333333333333
1 0.5345238095238095 0.2866666666666667 0.07857142857142857 0.09833333333333333
1 0.955952380952381 0.7583333333333333 0.0880952380952381 0.17666666666666667
1 0.16547619047619047 0.39166666666666666 0.08452380952380953 0.09333333333333334
1 0.5023809523809524 0.36833333333333335 0.09047619047619047 0.11166666666666666
0 0.12976190476190477 0.4683333333333333 0.06547619047619048 0.10333333333333333
1 0.22142857142857142 0.455 0.12976190476190477 0.15166666666666667
1 0.23452380952380952 0.31333333333333335 0.10833333333333334 0.14333333333333334
1 0.2869047619047619 0.6283333333333333 0.10714285714285714 0.17
1 0.844047619047619 0.6016666666666667 0.11547619047619048 0.145
1 0.5095238095238095 0.6516666666666666 0.14047619047619048 0.185
1 0.19047619047619047 0.6583333333333333 0.10714285714285714 0.135