0 0.6416666666666667 0.16666666666666666 0.03571428571428571 0.04
0 0.5464285714285714 0.30333333333333334 0.09523809523809523 0.07666666666666666
0 0.21904761904761905 0.39666666666666667 0.047619047619047616 0.04666666666666667
0 0.9369047619047619 0.043333333333333335 0.04047619047619048 0.05
0 0.5916666666666667 0.265 0.0761904761904762 0.09333333333333334
0 0.4452380952380952 0.91 0.07738095238095238 0.11333333333333333
0 0.9261904761904762 0.28833333333333333 0.07261904761904762 0.08
1 0.21785714285714286 0.16333333333333333 0.060714285714285714 0.075
1 0.2511904761904762 0.056666666666666664 0.03333333333333333 0.043333333333333335
0 0.7511904761904762 0.75 0.06904761904761905 0.08833333333333333
0 0.6571428571428571 0.30333333333333334 0.12261904761904761 0.145
1 0.29285714285714287 0.35333333333333333 0.06666666666666667 0.085
0 0.5 0.9233333333333333 0.11666666666666667 0.14333333333333334
0 0.5476190476190477 0.7966666666666666 0.09761904761904762 0.13333333333333333
0 0.7035714285714286 0.745 0.11785714285714285 0.15333333333333332
1 0.11071428571428571 0.37833333333333335 0.06428571428571428 0.075
0 0.8369047619047619 0.32166666666666666 0.09285714285714286 0.115
0 0.7226190476190476 0.5766666666666667 0.12261904761904761 0.15666666666666668
0 0.7833333333333333 0.42333333333333334 0.14047619047619048 0.16333333333333333
0 0.9154761904761904 0.40166666666666667 0.13214285714285715 0.16166666666666665
0 0.7357142857142858 0.15833333333333333 0.09523809523809523 0.14
0 0.6488095238095238 0.46 0.11666666666666667 0.14