0 0.10833333333333334 0.20833333333333334 0.06904761904761905 0.08
0 0.8976190476190476 0.9833333333333333 0.11904761904761904 0.03333333333333333
0 0.7095238095238096 0.48333333333333334 0.11547619047619048 0.10666666666666667
0 0.9095238095238095 0.30666666666666664 0.10357142857142858 0.14
0 0.4797619047619048 0.7333333333333333 0.11190476190476191 0.09333333333333334
0 0.7011904761904761 0.14666666666666667 0.11904761904761904 0.15
0 0.06190476190476191 0.44333333333333336 0.08333333333333333 0.11
0 0.8083333333333333 0.845 0.10119047619047619 0.12166666666666667
1 0.5630952380952381 0.93 0.10476190476190476 0.14
1 0.5785714285714286 0.72 0.04880952380952381 0.08666666666666667
0 0.40714285714285714 0.8983333333333333 0.08452380952380953 0.12333333333333334
0 0.7309523809523809 0.5833333333333334 0.10357142857142858 0.16166666666666665
0 0.21071428571428572 0.22333333333333333 0.10714285714285714 0.11166666666666666
0 0.3904761904761905 0.215 0.11071428571428571 0.15
0 0.8654761904761905 0.8016666666666666 0.10476190476190476 0.14
0 0.7642857142857142 0.405 0.10357142857142858 0.175
0 0.13690476190476192 0.02666666666666667 0.07380952380952381 0.051666666666666666
0 0.8511904761904762 0.26 0.12976190476190477 0.18833333333333332
0 0.2904761904761905 0.27 0.10714285714285714 0.11833333333333333
1 0.49404761904761907 0.8166666666666667 0.1261904761904762 0.17166666666666666
0 0.5904761904761905 0.14 0.10952380952380952 0.17166666666666666
0 0.7440476190476191 0.9 0.125 0.195
0 0.8369047619047619 0.49333333333333335 0.14523809523809525 0.19833333333333333
0 0.23095238095238096 0.051666666666666666 0.11904761904761904 0.10333333333333333
0 0.611904761904762 0.6 0.16785714285714284 0.26
0 0.10595238095238095 0.3566666666666667 0.075 0.10666666666666667
0 0.1380952380952381 0.47833333333333333 0.04642857142857143 0.06333333333333334
0 0.03214285714285714 0.425 0.0630952380952381 0.075