0 0.9476190476190476 0.7216666666666667 0.0988095238095238 0.155
1 0.85 0.6983333333333334 0.09285714285714286 0.16
1 0.6666666666666666 0.525 0.08333333333333333 0.105
1 0.7440476190476191 0.02 0.09404761904761905 0.04
1 0.8214285714285714 0.02 0.1 0.03833333333333333
0 0.13095238095238096 0.02666666666666667 0.047619047619047616 0.04666666666666667
0 0.8726190476190476 0.8083333333333333 0.1 0.13
0 0.7273809523809524 0.84 0.11071428571428571 0.10666666666666667
1 0.11785714285714285 0.6116666666666667 0.12023809523809524 0.18166666666666667
0 0.2702380952380952 0.36 0.18571428571428572 0.16666666666666666
0 0.4119047619047619 0.44333333333333336 0.1523809523809524 0.17833333333333334
1 0.6452380952380953 0.24 0.13690476190476192 0.175
0 0.44166666666666665 0.255 0.11190476190476191 0.19833333333333333
1 0.655952380952381 0.43333333333333335 0.16071428571428573 0.20333333333333334
1 0.2773809523809524 0.5416666666666666 0.22380952380952382 0.2833333333333333
1 0.35714285714285715 0.09833333333333333 0.15595238095238095 0.19666666666666666
1 0.16785714285714284 0.8133333333333334 0.2011904761904762 0.2783333333333333
1 0.19642857142857142 0.22333333333333333 0.16547619047619047 0.21
1 0.825 0.44 0.14761904761904762 0.14166666666666666
0 0.3130952380952381 0.94 0.12857142857142856 0.11833333333333333