1 0.8738095238095238 0.25333333333333335 0.06904761904761905 0.08833333333333333
0 0.016666666666666666 0.21333333333333335 0.03333333333333333 0.12666666666666668
0 0.19404761904761905 0.61 0.08214285714285714 0.105
1 0.2869047619047619 0.5683333333333334 0.09047619047619047 0.13333333333333333
0 0.2726190476190476 0.665 0.07380952380952381 0.1
0 0.0869047619047619 0.3616666666666667 0.11547619047619048 0.175
1 0.6321428571428571 0.8716666666666667 0.12857142857142856 0.16833333333333333
0 0.1761904761904762 0.43166666666666664 0.13690476190476192 0.19166666666666668
1 0.8595238095238096 0.4583333333333333 0.11904761904761904 0.15166666666666667
1 0.7761904761904762 0.87 0.15476190476190477 0.20166666666666666
1 0.7976190476190477 0.6816666666666666 0.16071428571428573 0.195
1 0.7583333333333333 0.415 0.11190476190476191 0.07666666666666666
1 0.5261904761904762 0.8783333333333333 0.08571428571428572 0.17