0 0.8809523809523809 0.02666666666666667 0.17023809523809524 0.05333333333333334
1 0.1869047619047619 0.4683333333333333 0.04523809523809524 0.095
0 0.3964285714285714 0.765 0.10357142857142858 0.06666666666666667
0 0.969047619047619 0.4216666666666667 0.060714285714285714 0.08833333333333333
0 0.9702380952380952 0.51 0.05952380952380952 0.09833333333333333
0 0.2630952380952381 0.9383333333333334 0.1523809523809524 0.12333333333333334
0 0.3523809523809524 0.315 0.06666666666666667 0.10166666666666667
0 0.21428571428571427 0.6716666666666666 0.10357142857142858 0.115
0 0.5571428571428572 0.4716666666666667 0.060714285714285714 0.09
1 0.6630952380952381 0.37833333333333335 0.07142857142857142 0.11166666666666666
0 0.14404761904761904 0.5983333333333334 0.09404761904761905 0.09666666666666666
1 0.4261904761904762 0.42333333333333334 0.1 0.13833333333333334
0 0.2785714285714286 0.48833333333333334 0.1738095238095238 0.23166666666666666
0 0.5071428571428571 0.83 0.15119047619047618 0.23333333333333334
1 0.5845238095238096 0.3466666666666667 0.09642857142857143 0.13
0 0.23095238095238096 0.8383333333333334 0.17261904761904762 0.22833333333333333
0 0.3964285714285714 0.8833333333333333 0.16904761904761906 0.21166666666666667
0 0.3761904761904762 0.6166666666666667 0.15119047619047618 0.18333333333333332
0 0.736904761904762 0.24666666666666667 0.1976190476190476 0.255
0 0.888095238095238 0.12 0.2 0.23