0 0.9642857142857143 0.515 0.07142857142857142 0.10833333333333334
1 0.2761904761904762 0.4533333333333333 0.16071428571428573 0.15666666666666668
0 0.9809523809523809 0.3933333333333333 0.0380952380952381 0.13666666666666666
1 0.7773809523809524 0.055 0.09761904761904762 0.10833333333333334
0 0.3892857142857143 0.775 0.06904761904761905 0.10166666666666667
1 0.48928571428571427 0.235 0.05714285714285714 0.105
0 0.6202380952380953 0.6733333333333333 0.08571428571428572 0.12166666666666667
0 0.39880952380952384 0.6283333333333333 0.06547619047619048 0.11166666666666666
0 0.17261904761904762 0.6966666666666667 0.13214285714285715 0.17333333333333334
1 0.9214285714285714 0.5916666666666667 0.07976190476190476 0.09833333333333333
1 0.8988095238095238 0.45166666666666666 0.08333333333333333 0.10666666666666667
1 0.844047619047619 0.6783333333333333 0.06666666666666667 0.08833333333333333
1 0.775 0.3516666666666667 0.11547619047619048 0.13833333333333334
1 0.9607142857142857 0.9183333333333333 0.07857142857142857 0.16333333333333333
0 0.6607142857142857 0.3 0.0869047619047619 0.12666666666666668
1 0.7690476190476191 0.18833333333333332 0.12142857142857143 0.14666666666666667
0 0.36547619047619045 0.93 0.11904761904761904 0.13833333333333334
1 0.7690476190476191 0.49333333333333335 0.13690476190476192 0.19666666666666666
1 0.17857142857142858 0.33666666666666667 0.1880952380952381 0.265
1 0.2654761904761905 0.5966666666666667 0.1523809523809524 0.18
0 0.5273809523809524 0.6633333333333333 0.10952380952380952 0.15666666666666668
0 0.21666666666666667 0.8383333333333334 0.16071428571428573 0.22666666666666666
1 0.2369047619047619 0.18833333333333332 0.1130952380952381 0.12
0 0.8845238095238095 0.7416666666666667 0.10595238095238095 0.13833333333333334
0 0.8011904761904762 0.6666666666666666 0.0761904761904762 0.12833333333333333