0 0.9595238095238096 0.13 0.047619047619047616 0.04833333333333333
0 0.24404761904761904 0.6616666666666666 0.08928571428571429 0.20333333333333334
0 0.575 0.5733333333333334 0.0880952380952381 0.15333333333333332
1 0.544047619047619 0.10666666666666667 0.11666666666666667 0.15166666666666667
1 0.6928571428571428 0.72 0.11071428571428571 0.14166666666666666
1 0.5011904761904762 0.6416666666666667 0.10833333333333334 0.17166666666666666
1 0.4642857142857143 0.2 0.10119047619047619 0.13666666666666666
1 0.6547619047619048 0.5716666666666667 0.12261904761904761 0.17166666666666666
0 0.39404761904761904 0.38666666666666666 0.15714285714285714 0.17166666666666666
0 0.36428571428571427 0.6816666666666666 0.19047619047619047 0.23833333333333334
1 0.5630952380952381 0.8433333333333334 0.2154761904761905 0.3
1 0.38571428571428573 0.5033333333333333 0.10357142857142858 0.08666666666666667
0 0.5166666666666667 0.4866666666666667 0.075 0.13