0 0.6130952380952381 0.38666666666666666 0.07738095238095238 0.105
0 0.5547619047619048 0.355 0.06785714285714285 0.11166666666666666
1 0.4511904761904762 0.87 0.17976190476190476 0.25833333333333336
0 0.475 0.06166666666666667 0.09642857142857143 0.11166666666666666
0 0.5392857142857143 0.475 0.11190476190476191 0.13833333333333334
0 0.7297619047619047 0.4683333333333333 0.12261904761904761 0.14666666666666667
0 0.3404761904761905 0.5 0.12976190476190477 0.18333333333333332
0 0.7107142857142857 0.33166666666666667 0.15119047619047618 0.205
0 0.6404761904761904 0.59 0.20238095238095238 0.22833333333333333
0 0.4369047619047619 0.16833333333333333 0.14285714285714285 0.16666666666666666
0 0.4357142857142857 0.43166666666666664 0.1738095238095238 0.21666666666666667