1 0.5 0.04666666666666667 0.0630952380952381 0.08833333333333333
0 0.513095238095238 0.3333333333333333 0.04523809523809524 0.075
0 0.525 0.6966666666666667 0.09761904761904762 0.11833333333333333
1 0.8011904761904762 0.02 0.05476190476190476 0.03833333333333333
0 0.6952380952380952 0.10166666666666667 0.055952380952380955 0.06333333333333334
0 0.5928571428571429 0.6233333333333333 0.09047619047619047 0.12666666666666668
0 0.6642857142857143 0.055 0.05952380952380952 0.07
1 0.7476190476190476 0.02666666666666667 0.058333333333333334 0.051666666666666666
0 0.7309523809523809 0.76 0.13452380952380952 0.175
0 0.7226190476190476 0.6033333333333334 0.18095238095238095 0.205
0 0.3142857142857143 0.7766666666666666 0.1523809523809524 0.135
0 0.5666666666666667 0.86 0.24285714285714285 0.28
0 0.34404761904761905 0.6533333333333333 0.2 0.22333333333333333
0 0.38452380952380955 0.39166666666666666 0.1357142857142857 0.15333333333333332