0 0.7571428571428571 0.4 0.041666666666666664 0.05
1 0.9904761904761905 0.615 0.01904761904761905 0.10333333333333333
1 0.7916666666666666 0.7033333333333334 0.055952380952380955 0.058333333333333334
0 0.375 0.35333333333333333 0.058333333333333334 0.11166666666666666
0 0.7357142857142858 0.30333333333333334 0.05714285714285714 0.043333333333333335
1 0.805952380952381 0.12666666666666668 0.05 0.09166666666666666
0 0.30714285714285716 0.8433333333333334 0.09285714285714286 0.11666666666666667
1 0.24761904761904763 0.9466666666666667 0.09166666666666666 0.10333333333333333
0 0.26904761904761904 0.215 0.07261904761904762 0.10666666666666667
0 0.6440476190476191 0.305 0.0380952380952381 0.058333333333333334
0 0.9714285714285714 0.10666666666666667 0.05714285714285714 0.09166666666666666
0 0.4142857142857143 0.44166666666666665 0.05357142857142857 0.07666666666666666
1 0.8797619047619047 0.37833333333333335 0.05714285714285714 0.06833333333333333
1 0.27380952380952384 0.48833333333333334 0.12857142857142856 0.145
1 0.7297619047619047 0.36333333333333334 0.07976190476190476 0.09
0 0.22380952380952382 0.6066666666666667 0.10595238095238095 0.15166666666666667
1 0.22976190476190475 0.07666666666666666 0.075 0.10166666666666667
1 0.8488095238095238 0.455 0.07261904761904762 0.07666666666666666
0 0.7440476190476191 0.15333333333333332 0.08452380952380953 0.10833333333333334
0 0.7428571428571429 0.5833333333333334 0.11547619047619048 0.16666666666666666
1 0.819047619047619 0.37333333333333335 0.08214285714285714 0.10333333333333333
0 0.5321428571428571 0.12 0.07380952380952381 0.10333333333333333
0 0.1130952380952381 0.5683333333333334 0.12380952380952381 0.15
1 0.9547619047619048 0.505 0.0630952380952381 0.07833333333333334
1 0.6488095238095238 0.605 0.13690476190476192 0.19
0 0.14166666666666666 0.775 0.14523809523809525 0.22166666666666668
1 0.8285714285714286 0.8716666666666667 0.16428571428571428 0.23833333333333334
1 0.7583333333333333 0.24 0.07142857142857142 0.075
1 0.8869047619047619 0.6483333333333333 0.16904761904761906 0.22
0 0.2892857142857143 0.12 0.06190476190476191 0.08666666666666667
1 0.9583333333333334 0.04833333333333333 0.05357142857142857 0.07