0 0.8583333333333333 0.8116666666666666 0.06666666666666667 0.085
1 0.9714285714285714 0.31166666666666665 0.05476190476190476 0.09833333333333333
1 0.9785714285714285 0.2683333333333333 0.04285714285714286 0.12333333333333334
1 0.5678571428571428 0.8566666666666667 0.08571428571428572 0.06666666666666667
1 0.9 0.6783333333333333 0.08333333333333333 0.12333333333333334
0 0.4595238095238095 0.8233333333333334 0.08333333333333333 0.09333333333333334
0 0.7333333333333333 0.29833333333333334 0.10952380952380952 0.1
0 0.5976190476190476 0.27 0.16904761904761906 0.245
0 0.919047619047619 0.22666666666666666 0.09642857142857143 0.13166666666666665
0 0.780952380952381 0.8783333333333333 0.08214285714285714 0.08333333333333333
1 0.4523809523809524 0.9283333333333333 0.10833333333333334 0.14
1 0.18095238095238095 0.695 0.11904761904761904 0.135
1 0.6738095238095239 0.155 0.11190476190476191 0.135
1 0.5892857142857143 0.5416666666666666 0.1380952380952381 0.20666666666666667
1 0.175 0.855 0.14523809523809525 0.16666666666666666