0 0.03214285714285714 0.12833333333333333 0.0630952380952381 0.12166666666666667
1 0.425 0.09166666666666666 0.06904761904761905 0.065
0 0.3011904761904762 0.14166666666666666 0.08095238095238096 0.058333333333333334
1 0.30952380952380953 0.37 0.09047619047619047 0.06333333333333334
0 0.7678571428571429 0.91 0.125 0.07833333333333334
0 0.2 0.38666666666666666 0.22976190476190475 0.115
0 0.8797619047619047 0.78 0.0880952380952381 0.07333333333333333
0 0.7714285714285715 0.7883333333333333 0.15357142857142858 0.1
0 0.5464285714285714 0.6466666666666666 0.14642857142857144 0.13333333333333333
0 0.669047619047619 0.21666666666666667 0.14642857142857144 0.10333333333333333
1 0.36904761904761907 0.26166666666666666 0.12142857142857143 0.08166666666666667
0 0.5964285714285714 0.15 0.19166666666666668 0.16833333333333333
0 0.5261904761904762 0.25666666666666665 0.11785714285714285 0.07166666666666667
0 0.7821428571428571 0.8633333333333333 0.14166666666666666 0.10333333333333333
0 0.6773809523809524 0.9383333333333334 0.11190476190476191 0.095
0 0.1630952380952381 0.08333333333333333 0.14523809523809525 0.12
0 0.31785714285714284 0.06166666666666667 0.1880952380952381 0.12166666666666667
0 0.40476190476190477 0.6383333333333333 0.19404761904761905 0.16166666666666665
1 0.5011904761904762 0.365 0.18452380952380953 0.155
0 0.12976190476190477 0.4816666666666667 0.25952380952380955 0.19666666666666666
0 0.8464285714285714 0.135 0.1976190476190476 0.18333333333333332
0 0.6511904761904762 0.63 0.08333333333333333 0.07833333333333334
0 0.7404761904761905 0.5833333333333334 0.11666666666666667 0.08666666666666667