0 0.1619047619047619 0.5166666666666667 0.030952380952380953 0.04
0 0.19404761904761905 0.5416666666666666 0.03214285714285714 0.045
0 0.35119047619047616 0.6766666666666666 0.0761904761904762 0.10166666666666667
0 0.5357142857142857 0.8033333333333333 0.06428571428571428 0.09333333333333334
0 0.4095238095238095 0.6033333333333334 0.05714285714285714 0.07666666666666666
0 0.611904761904762 0.6283333333333333 0.02976190476190476 0.05333333333333334
0 0.3476190476190476 0.415 0.03571428571428571 0.045
0 0.2869047619047619 0.30333333333333334 0.034523809523809526 0.043333333333333335
0 0.3238095238095238 0.2683333333333333 0.04047619047619048 0.04833333333333333
0 0.38571428571428573 0.31 0.03571428571428571 0.043333333333333335
0 0.5416666666666666 0.45666666666666667 0.0380952380952381 0.051666666666666666
0 0.6261904761904762 0.4483333333333333 0.039285714285714285 0.065
0 0.669047619047619 0.5516666666666666 0.02738095238095238 0.04666666666666667
0 0.6047619047619047 0.5066666666666667 0.0380952380952381 0.05333333333333334
0 0.8797619047619047 0.39666666666666667 0.04642857142857143 0.06833333333333333
0 0.8869047619047619 0.485 0.04047619047619048 0.05333333333333334
0 0.9226190476190477 0.5066666666666667 0.02619047619047619 0.041666666666666664
0 0.930952380952381 0.43666666666666665 0.04047619047619048 0.065
0 0.944047619047619 0.3566666666666667 0.036904761904761905 0.058333333333333334
0 0.8464285714285714 0.195 0.030952380952380953 0.04833333333333333
0 0.6607142857142857 0.26666666666666666 0.02261904761904762 0.03166666666666667
0 0.4666666666666667 0.375 0.034523809523809526 0.04
0 0.655952380952381 0.435 0.030952380952380953 0.04833333333333333
0 0.6785714285714286 0.4166666666666667 0.02619047619047619 0.03666666666666667
0 0.6964285714285714 0.3983333333333333 0.030952380952380953 0.043333333333333335
0 0.6678571428571428 0.205 0.02976190476190476 0.03666666666666667