0 0.3619047619047619 0.5566666666666666 0.04880952380952381 0.065
0 0.7964285714285714 0.025 0.0630952380952381 0.05
1 0.35833333333333334 0.016666666666666666 0.07738095238095238 0.03333333333333333
0 0.7785714285714286 0.7416666666666667 0.041666666666666664 0.055
1 0.3261904761904762 0.08 0.03571428571428571 0.043333333333333335
0 0.9845238095238096 0.23666666666666666 0.02976190476190476 0.14833333333333334
0 0.02142857142857143 0.3 0.04285714285714286 0.065
0 0.9571428571428572 0.6683333333333333 0.08214285714285714 0.12666666666666668
0 0.7238095238095238 0.6633333333333333 0.09642857142857143 0.13333333333333333
1 0.3976190476190476 0.025 0.05 0.05
0 0.10714285714285714 0.2916666666666667 0.05952380952380952 0.08666666666666667
1 0.9666666666666667 0.03166666666666667 0.06547619047619048 0.06166666666666667
0 0.2916666666666667 0.07666666666666666 0.04880952380952381 0.07333333333333333
0 0.125 0.69 0.09404761904761905 0.11666666666666667
0 0.6142857142857143 0.7816666666666666 0.11190476190476191 0.14666666666666667
0 0.27976190476190477 0.23 0.10357142857142858 0.12
1 0.4773809523809524 0.735 0.13333333333333333 0.16833333333333333
0 0.32857142857142857 0.735 0.10595238095238095 0.09166666666666666
0 0.15833333333333333 0.03833333333333333 0.1 0.075
0 0.8988095238095238 0.715 0.09166666666666666 0.10333333333333333
0 0.6107142857142858 0.9166666666666666 0.12142857142857143 0.165
0 0.7142857142857143 0.07 0.125 0.14
1 0.07261904761904762 0.7916666666666666 0.11071428571428571 0.13
0 0.24523809523809523 0.03166666666666667 0.06666666666666667 0.06333333333333334
0 0.805952380952381 0.85 0.16785714285714284 0.19166666666666668
0 0.21666666666666667 0.6233333333333333 0.10833333333333334 0.13
0 0.2130952380952381 0.7366666666666667 0.1 0.12166666666666667
1 0.7702380952380953 0.14666666666666667 0.15 0.18333333333333332