0 0.8666666666666667 0.45666666666666667 0.12261904761904761 0.12
0 0.23452380952380952 0.6233333333333333 0.07380952380952381 0.08666666666666667
1 0.9226190476190477 0.9583333333333334 0.0761904761904762 0.08166666666666667
1 0.8142857142857143 0.07 0.1380952380952381 0.10833333333333334
1 0.594047619047619 0.7183333333333334 0.09047619047619047 0.17333333333333334
0 0.7642857142857142 0.5133333333333333 0.11785714285714285 0.185
0 0.7321428571428571 0.15 0.07976190476190476 0.12833333333333333
1 0.9630952380952381 0.4583333333333333 0.07261904761904762 0.07833333333333334
1 0.7738095238095238 0.7116666666666667 0.10476190476190476 0.09166666666666666
1 0.8702380952380953 0.31333333333333335 0.16428571428571428 0.23333333333333334
1 0.4869047619047619 0.6633333333333333 0.12738095238095237 0.13666666666666666
0 0.7845238095238095 0.65 0.11785714285714285 0.14166666666666666
1 0.9095238095238095 0.6883333333333334 0.13095238095238096 0.15666666666666668
1 0.4773809523809524 0.54 0.15119047619047618 0.20666666666666667
0 0.23452380952380952 0.475 0.13214285714285715 0.16
0 0.1488095238095238 0.57 0.13452380952380952 0.16166666666666665
0 0.10119047619047619 0.715 0.17142857142857143 0.20666666666666667