1 0.9071428571428571 0.021666666666666667 0.058333333333333334 0.041666666666666664
1 0.9142857142857143 0.06166666666666667 0.06785714285714285 0.085
1 0.969047619047619 0.10333333333333333 0.060714285714285714 0.13
1 0.944047619047619 0.31666666666666665 0.10357142857142858 0.14333333333333334
1 0.21904761904761905 0.4533333333333333 0.12261904761904761 0.11833333333333333
1 0.09642857142857143 0.5333333333333333 0.1380952380952381 0.14333333333333334
0 0.22142857142857142 0.54 0.11904761904761904 0.145
1 0.9297619047619048 0.47833333333333333 0.06547619047619048 0.09
1 0.7392857142857143 0.7016666666666667 0.11071428571428571 0.13
1 0.6214285714285714 0.6533333333333333 0.15833333333333333 0.19
0 0.7226190476190476 0.43666666666666665 0.09404761904761905 0.075
0 0.4607142857142857 0.5016666666666667 0.07976190476190476 0.09
0 0.5904761904761905 0.03166666666666667 0.06666666666666667 0.06166666666666667