0 0.8940476190476191 0.3283333333333333 0.05476190476190476 0.075
0 0.5511904761904762 0.135 0.075 0.10333333333333333
0 0.9666666666666667 0.635 0.06666666666666667 0.08333333333333333
1 0.20476190476190476 0.42333333333333334 0.06428571428571428 0.11333333333333333
0 0.9607142857142857 0.5633333333333334 0.0761904761904762 0.11
0 0.42142857142857143 0.8683333333333333 0.10119047619047619 0.11666666666666667
0 0.49047619047619045 0.07833333333333334 0.09047619047619047 0.13666666666666666
1 0.46190476190476193 0.73 0.13214285714285715 0.18166666666666667
0 0.7333333333333333 0.745 0.10595238095238095 0.13166666666666665
1 0.30357142857142855 0.77 0.1380952380952381 0.20166666666666666
1 0.13214285714285715 0.44666666666666666 0.125 0.14833333333333334
0 0.8285714285714286 0.6883333333333334 0.125 0.17
0 0.6333333333333333 0.23166666666666666 0.10119047619047619 0.135
0 0.861904761904762 0.48333333333333334 0.1 0.13333333333333333
0 0.3630952380952381 0.8383333333333334 0.05119047619047619 0.07666666666666666
0 0.7071428571428572 0.375 0.09404761904761905 0.11333333333333333