0 0.3202380952380952 0.5766666666666667 0.12023809523809524 0.11833333333333333
0 0.25 0.33 0.09523809523809523 0.07333333333333333
0 0.5321428571428571 0.20833333333333334 0.08928571428571429 0.15333333333333332
0 0.7511904761904762 0.135 0.1392857142857143 0.18666666666666668
0 0.6833333333333333 0.69 0.07738095238095238 0.10833333333333334
0 0.26071428571428573 0.86 0.05952380952380952 0.08666666666666667
0 0.8142857142857143 0.2833333333333333 0.13690476190476192 0.16666666666666666
0 0.48214285714285715 0.825 0.07857142857142857 0.13333333333333333
0 0.5904761904761905 0.7133333333333334 0.10833333333333334 0.15666666666666668
0 0.6678571428571428 0.275 0.10595238095238095 0.14166666666666666
0 0.34285714285714286 0.9233333333333333 0.14761904761904762 0.15333333333333332
0 0.8261904761904761 0.46 0.16428571428571428 0.20333333333333334
0 0.3047619047619048 0.7833333333333333 0.14047619047619048 0.19333333333333333
0 0.17261904761904762 0.6033333333333334 0.1761904761904762 0.24
0 0.955952380952381 0.18333333333333332 0.0880952380952381 0.12166666666666667