0 0.6523809523809524 0.23333333333333334 0.04047619047619048 0.06
0 0.05476190476190476 0.011666666666666667 0.08095238095238096 0.023333333333333334
0 0.6142857142857143 0.25333333333333335 0.0761904761904762 0.10333333333333333
1 0.6154761904761905 0.6316666666666667 0.08571428571428572 0.08666666666666667
0 0.5095238095238095 0.63 0.08928571428571429 0.12333333333333334
0 0.4583333333333333 0.023333333333333334 0.07380952380952381 0.045
0 0.5833333333333334 0.16333333333333333 0.07261904761904762 0.11
1 0.7345238095238096 0.335 0.07023809523809524 0.08166666666666667
1 0.6238095238095238 0.5066666666666667 0.0880952380952381 0.11
1 0.5964285714285714 0.6866666666666666 0.0869047619047619 0.135
0 0.5845238095238096 0.43833333333333335 0.09761904761904762 0.125
0 0.4928571428571429 0.7733333333333333 0.1261904761904762 0.15333333333333332
0 0.45476190476190476 0.32166666666666666 0.125 0.16166666666666665
0 0.29642857142857143 0.6483333333333333 0.15357142857142858 0.19833333333333333
0 0.26904761904761904 0.8016666666666666 0.14404761904761904 0.175
0 0.655952380952381 0.125 0.08571428571428572 0.12333333333333334
0 0.3952380952380952 0.18666666666666668 0.1523809523809524 0.20333333333333334
0 0.4035714285714286 0.9083333333333333 0.1261904761904762 0.18333333333333332