1 0.5678571428571428 0.19333333333333333 0.017857142857142856 0.025
0 0.42738095238095236 0.52 0.02976190476190476 0.041666666666666664
0 0.46785714285714286 0.3433333333333333 0.02738095238095238 0.03333333333333333
1 0.2904761904761905 0.76 0.036904761904761905 0.058333333333333334
1 0.6654761904761904 0.11333333333333333 0.02142857142857143 0.028333333333333332
1 0.513095238095238 0.61 0.030952380952380953 0.056666666666666664
1 0.45 0.145 0.02023809523809524 0.02666666666666667
1 0.4714285714285714 0.135 0.02142857142857143 0.02
0 0.46785714285714286 0.31333333333333335 0.01904761904761905 0.02666666666666667
1 0.49047619047619045 0.235 0.0380952380952381 0.041666666666666664
1 0.5333333333333333 0.095 0.02619047619047619 0.02666666666666667
0 0.6523809523809524 0.15333333333333332 0.02023809523809524 0.02666666666666667
1 0.46785714285714286 0.085 0.02261904761904762 0.02666666666666667
0 0.40595238095238095 0.19333333333333333 0.023809523809523808 0.03833333333333333
0 0.37976190476190474 0.28 0.034523809523809526 0.045
1 0.7880952380952381 0.755 0.04642857142857143 0.06
1 0.20357142857142857 0.6816666666666666 0.060714285714285714 0.07833333333333334
0 0.6309523809523809 0.17166666666666666 0.030952380952380953 0.04
1 0.6059523809523809 0.16333333333333333 0.02976190476190476 0.03833333333333333
0 0.28095238095238095 0.37833333333333335 0.023809523809523808 0.03
0 0.7404761904761905 0.3383333333333333 0.02619047619047619 0.03333333333333333
0 0.6785714285714286 0.09166666666666666 0.02619047619047619 0.03333333333333333
1 0.7666666666666667 0.805 0.04642857142857143 0.058333333333333334
0 0.24642857142857144 0.3383333333333333 0.0380952380952381 0.045
0 0.43333333333333335 0.3333333333333333 0.03333333333333333 0.041666666666666664
0 0.5785714285714286 0.22666666666666666 0.023809523809523808 0.035
1 0.7404761904761905 0.6816666666666666 0.05714285714285714 0.07666666666666666
1 0.611904761904762 0.22833333333333333 0.0380952380952381 0.04833333333333333
1 0.7226190476190476 0.775 0.058333333333333334 0.07333333333333333
1 0.525 0.26166666666666666 0.041666666666666664 0.056666666666666664
1 0.16071428571428573 0.725 0.07023809523809524 0.08
1 0.9023809523809524 0.6616666666666666 0.07261904761904762 0.1
1 0.5380952380952381 0.7166666666666667 0.0761904761904762 0.10333333333333333
1 0.5714285714285714 0.7933333333333333 0.055952380952380955 0.08
1 0.2392857142857143 0.07333333333333333 0.05476190476190476 0.03666666666666667
1 0.2761904761904762 0.14666666666666667 0.025 0.03333333333333333
1 0.6571428571428571 0.6616666666666666 0.036904761904761905 0.04833333333333333
1 0.594047619047619 0.6833333333333333 0.04047619047619048 0.043333333333333335
1 0.8523809523809524 0.6383333333333333 0.041666666666666664 0.056666666666666664
1 0.9416666666666667 0.6533333333333333 0.039285714285714285 0.08