0 0.09523809523809523 0.37166666666666665 0.08452380952380953 0.10166666666666667
0 0.015476190476190477 0.5766666666666667 0.02976190476190476 0.10833333333333334
0 0.7845238095238095 0.25833333333333336 0.09047619047619047 0.18166666666666667
0 0.7035714285714286 0.23 0.1523809523809524 0.17
0 0.04047619047619048 0.32166666666666666 0.07976190476190476 0.11166666666666666
0 0.8523809523809524 0.22 0.11785714285714285 0.17666666666666667
0 0.8166666666666667 0.39666666666666667 0.12738095238095237 0.16333333333333333
0 0.1988095238095238 0.53 0.2130952380952381 0.23
0 0.41785714285714287 0.12833333333333333 0.13690476190476192 0.19166666666666668
0 0.1880952380952381 0.31833333333333336 0.1595238095238095 0.19166666666666668
0 0.15595238095238095 0.7633333333333333 0.2119047619047619 0.25333333333333335
0 0.5047619047619047 0.315 0.1738095238095238 0.3
0 0.669047619047619 0.39666666666666667 0.2130952380952381 0.2866666666666667
0 0.37142857142857144 0.8733333333333333 0.24404761904761904 0.25