0 0.2619047619047619 0.205 0.05714285714285714 0.056666666666666664
1 0.5428571428571428 0.65 0.0380952380952381 0.04666666666666667
0 0.6630952380952381 0.7566666666666667 0.05119047619047619 0.06833333333333333
0 0.1869047619047619 0.51 0.07976190476190476 0.09666666666666666
1 0.8154761904761905 0.49 0.09285714285714286 0.16166666666666665
0 0.26666666666666666 0.6183333333333333 0.07380952380952381 0.07333333333333333
1 0.16785714285714284 0.27 0.08571428571428572 0.09333333333333334
0 0.7654761904761904 0.4766666666666667 0.08452380952380953 0.11333333333333333
0 0.14404761904761904 0.6866666666666666 0.12857142857142856 0.11666666666666667
1 0.7666666666666667 0.065 0.09761904761904762 0.12833333333333333
1 0.819047619047619 0.8833333333333333 0.11666666666666667 0.14
0 0.34404761904761905 0.6816666666666666 0.08571428571428572 0.12
1 0.08095238095238096 0.5933333333333334 0.15595238095238095 0.205
1 0.9107142857142857 0.49833333333333335 0.10595238095238095 0.12333333333333334
1 0.6964285714285714 0.86 0.10714285714285714 0.145
1 0.7416666666666667 0.775 0.11666666666666667 0.16
1 0.8297619047619048 0.3416666666666667 0.09642857142857143 0.12166666666666667
1 0.24047619047619048 0.7483333333333333 0.14166666666666666 0.15833333333333333
1 0.475 0.405 0.05 0.051666666666666666