0 0.975 0.5916666666666667 0.04523809523809524 0.06666666666666667
1 0.8833333333333333 0.5833333333333334 0.04047619047619048 0.07166666666666667
0 0.4595238095238095 0.22333333333333333 0.05476190476190476 0.04
0 0.780952380952381 0.3933333333333333 0.08214285714285714 0.13333333333333333
0 0.9345238095238095 0.5833333333333334 0.07023809523809524 0.08166666666666667
1 0.986904761904762 0.7583333333333333 0.025 0.12166666666666667
1 0.37023809523809526 0.42 0.10714285714285714 0.13333333333333333
0 0.13095238095238096 0.6933333333333334 0.09166666666666666 0.085
1 0.844047619047619 0.5733333333333334 0.07976190476190476 0.10333333333333333
0 0.2357142857142857 0.7016666666666667 0.12261904761904761 0.18333333333333332
0 0.14642857142857144 0.6083333333333333 0.1130952380952381 0.15333333333333332
0 0.3738095238095238 0.26 0.10714285714285714 0.12333333333333334
0 0.825 0.47333333333333333 0.09047619047619047 0.095
0 0.08214285714285714 0.5833333333333334 0.125 0.15166666666666667
0 0.8559523809523809 0.18833333333333332 0.0761904761904762 0.095
0 0.48333333333333334 0.6966666666666667 0.11547619047619048 0.20166666666666666
1 0.7238095238095238 0.2633333333333333 0.16547619047619047 0.195
1 0.3869047619047619 0.765 0.15119047619047618 0.20166666666666666
1 0.9107142857142857 0.36833333333333335 0.17857142857142858 0.225
1 0.4726190476190476 0.53 0.05476190476190476 0.03