1 0.9011904761904762 0.26 0.0380952380952381 0.05333333333333334
1 0.8380952380952381 0.5833333333333334 0.11785714285714285 0.135
1 0.9476190476190476 0.975 0.08095238095238096 0.05
1 0.5845238095238096 0.37833333333333335 0.055952380952380955 0.09833333333333333
1 0.9488095238095238 0.3016666666666667 0.05 0.06166666666666667
0 0.1630952380952381 0.6333333333333333 0.15714285714285714 0.165
1 0.36428571428571427 0.44666666666666666 0.07738095238095238 0.10166666666666667
0 0.319047619047619 0.8116666666666666 0.08571428571428572 0.09333333333333334
0 0.725 0.4866666666666667 0.09285714285714286 0.12333333333333334
0 0.5821428571428572 0.84 0.09523809523809523 0.13333333333333333
1 0.1380952380952381 0.76 0.14523809523809525 0.225
1 0.8535714285714285 0.405 0.1261904761904762 0.14333333333333334
0 0.3821428571428571 0.6833333333333333 0.09404761904761905 0.13166666666666665
1 0.25952380952380955 0.495 0.1523809523809524 0.18166666666666667
0 0.2357142857142857 0.9116666666666666 0.1380952380952381 0.175
0 0.4928571428571429 0.7633333333333333 0.12261904761904761 0.17166666666666666
1 0.26785714285714285 0.24333333333333335 0.175 0.25333333333333335
1 0.955952380952381 0.8266666666666667 0.08571428571428572 0.125
1 0.7952380952380952 0.72 0.15119047619047618 0.22833333333333333
1 0.6154761904761905 0.09166666666666666 0.09404761904761905 0.13833333333333334
1 0.9654761904761905 0.08333333333333333 0.05 0.07
1 0.37976190476190474 0.27166666666666667 0.05119047619047619 0.095