0 0.016666666666666666 0.9883333333333333 0.03333333333333333 0.023333333333333334
0 0.9583333333333334 0.36666666666666664 0.07380952380952381 0.10333333333333333
0 0.9547619047619048 0.47333333333333333 0.08928571428571429 0.13833333333333334
0 0.7511904761904762 0.7983333333333333 0.17142857142857143 0.21666666666666667
0 0.7654761904761904 0.37666666666666665 0.09642857142857143 0.11666666666666667
0 0.058333333333333334 0.8216666666666667 0.08333333333333333 0.10166666666666667
0 0.07261904761904762 0.4633333333333333 0.11071428571428571 0.15166666666666667
1 0.8297619047619048 0.48 0.13690476190476192 0.15666666666666668
0 0.9547619047619048 0.8166666666666667 0.08928571428571429 0.13833333333333334
0 0.030952380952380953 0.895 0.060714285714285714 0.15
0 0.8904761904761904 0.7533333333333333 0.14166666666666666 0.18333333333333332
0 0.12976190476190477 0.2916666666666667 0.14523809523809525 0.15
0 0.4595238095238095 0.4683333333333333 0.16071428571428573 0.17833333333333334
0 0.6107142857142858 0.4866666666666667 0.15714285714285714 0.17833333333333334
0 0.07142857142857142 0.64 0.14166666666666666 0.195
0 0.6226190476190476 0.6633333333333333 0.14404761904761904 0.19
0 0.16904761904761906 0.585 0.225 0.25166666666666665
0 0.6880952380952381 0.2816666666666667 0.18095238095238095 0.205
0 0.44047619047619047 0.3 0.175 0.22333333333333333