0 0.013095238095238096 0.48333333333333334 0.02619047619047619 0.20666666666666667
0 0.986904761904762 0.05 0.025 0.1
0 0.5285714285714286 0.22166666666666668 0.12738095238095237 0.115
0 0.34523809523809523 0.475 0.04404761904761905 0.09666666666666666
0 0.6440476190476191 0.24 0.06428571428571428 0.07166666666666667
0 0.6869047619047619 0.19666666666666666 0.06666666666666667 0.08666666666666667
0 0.0988095238095238 0.04833333333333333 0.06785714285714285 0.08833333333333333
1 0.9523809523809523 0.11666666666666667 0.07142857142857142 0.08333333333333333
1 0.7678571428571429 0.43166666666666664 0.08928571428571429 0.11
0 0.6190476190476191 0.5733333333333334 0.0630952380952381 0.11833333333333333
0 0.5357142857142857 0.295 0.11547619047619048 0.13833333333333334
0 0.2857142857142857 0.4866666666666667 0.1261904761904762 0.14166666666666666
0 0.23214285714285715 0.5483333333333333 0.10476190476190476 0.10833333333333334
0 0.5535714285714286 0.5683333333333334 0.09404761904761905 0.13666666666666666
1 0.30952380952380953 0.3016666666666667 0.1619047619047619 0.23
0 0.9166666666666666 0.5233333333333333 0.15476190476190477 0.2
0 0.6107142857142858 0.4116666666666667 0.15476190476190477 0.21166666666666667
0 0.7011904761904761 0.5766666666666667 0.14285714285714285 0.19
0 0.4785714285714286 0.47833333333333333 0.125 0.155
0 0.14047619047619048 0.4116666666666667 0.19285714285714287 0.21833333333333332