1 0.888095238095238 0.03333333333333333 0.05476190476190476 0.06666666666666667
0 0.3202380952380952 0.6333333333333333 0.11666666666666667 0.14
1 0.969047619047619 0.04666666666666667 0.05952380952380952 0.08333333333333333
0 0.44761904761904764 0.51 0.1261904761904762 0.09666666666666666
0 0.47023809523809523 0.03666666666666667 0.12976190476190477 0.07166666666666667
0 0.8904761904761904 0.4716666666666667 0.1595238095238095 0.19666666666666666
1 0.9809523809523809 0.135 0.036904761904761905 0.095
0 0.4666666666666667 0.18 0.10119047619047619 0.16333333333333333
0 0.3904761904761905 0.4033333333333333 0.11904761904761904 0.12333333333333334
0 0.3464285714285714 0.03666666666666667 0.13095238095238096 0.07166666666666667
1 0.9238095238095239 0.6216666666666667 0.1523809523809524 0.20833333333333334
0 0.42857142857142855 0.6216666666666667 0.1630952380952381 0.18
1 0.4035714285714286 0.295 0.1130952380952381 0.12333333333333334
1 0.7666666666666667 0.30333333333333334 0.1261904761904762 0.18666666666666668
0 0.5095238095238095 0.7216666666666667 0.14047619047619048 0.21166666666666667
0 0.23809523809523808 0.83 0.19404761904761905 0.255