1 0.5988095238095238 0.63 0.034523809523809526 0.06666666666666667
1 0.7178571428571429 0.37833333333333335 0.03571428571428571 0.058333333333333334
1 0.805952380952381 0.37666666666666665 0.11190476190476191 0.14833333333333334
0 0.01904761904761905 0.205 0.0380952380952381 0.10166666666666667
1 0.569047619047619 0.6266666666666667 0.06547619047619048 0.08
1 0.2654761904761905 0.6366666666666667 0.09642857142857143 0.13666666666666666
1 0.7845238095238095 0.39666666666666667 0.11666666666666667 0.13833333333333334
1 0.530952380952381 0.43666666666666665 0.0988095238095238 0.12833333333333333
1 0.5011904761904762 0.5883333333333334 0.09523809523809523 0.12
1 0.2130952380952381 0.5183333333333333 0.14761904761904762 0.175
1 0.6071428571428571 0.5416666666666666 0.07142857142857142 0.09833333333333333
1 0.41785714285714287 0.43 0.07142857142857142 0.10166666666666667
1 0.11190476190476191 0.27166666666666667 0.07857142857142857 0.12833333333333333