1 0.9571428571428572 0.24666666666666667 0.08571428571428572 0.145
1 0.8071428571428572 0.26 0.14166666666666666 0.12166666666666667
1 0.17261904761904762 0.6016666666666667 0.11071428571428571 0.17666666666666667
1 0.13452380952380952 0.2733333333333333 0.06785714285714285 0.08666666666666667
1 0.9380952380952381 0.39166666666666666 0.10952380952380952 0.11666666666666667
1 0.20952380952380953 0.345 0.08214285714285714 0.09166666666666666
1 0.9071428571428571 0.27 0.10714285714285714 0.15
1 0.6714285714285714 0.7216666666666667 0.11428571428571428 0.15166666666666667
0 0.08333333333333333 0.7066666666666667 0.1392857142857143 0.205
1 0.36547619047619045 0.5716666666666667 0.17976190476190476 0.23
0 0.3904761904761905 0.3333333333333333 0.11904761904761904 0.15
1 0.6464285714285715 0.32666666666666666 0.1595238095238095 0.24833333333333332
0 0.41785714285714287 0.7783333333333333 0.19642857142857142 0.22666666666666666
1 0.8071428571428572 0.38333333333333336 0.1773809523809524 0.22166666666666668
1 0.5928571428571429 0.17666666666666667 0.11071428571428571 0.14833333333333334
1 0.7226190476190476 0.9416666666666667 0.11428571428571428 0.10833333333333334