0 0.6928571428571428 0.3466666666666667 0.047619047619047616 0.051666666666666666
0 0.25833333333333336 0.485 0.034523809523809526 0.06
0 0.5452380952380952 0.285 0.04047619047619048 0.04666666666666667
1 0.26071428571428573 0.4033333333333333 0.07142857142857142 0.08833333333333333
0 0.15 0.4766666666666667 0.04404761904761905 0.045
0 0.1 0.49666666666666665 0.05238095238095238 0.06833333333333333
0 0.1738095238095238 0.43666666666666665 0.058333333333333334 0.06666666666666667
1 0.5523809523809524 0.22333333333333333 0.05357142857142857 0.08
1 0.1261904761904762 0.375 0.02976190476190476 0.03666666666666667
0 0.7202380952380952 0.6216666666666667 0.08214285714285714 0.11833333333333333
1 0.6059523809523809 0.17666666666666667 0.05714285714285714 0.07166666666666667
0 0.5273809523809524 0.505 0.06666666666666667 0.10166666666666667
0 0.7785714285714286 0.6183333333333333 0.0869047619047619 0.11333333333333333
0 0.7928571428571428 0.4583333333333333 0.08928571428571429 0.11166666666666666
1 0.3047619047619048 0.5516666666666666 0.10714285714285714 0.12833333333333333
0 0.13333333333333333 0.5416666666666666 0.08214285714285714 0.09666666666666666
0 0.37857142857142856 0.49 0.0761904761904762 0.07833333333333334
0 0.4452380952380952 0.4816666666666667 0.08214285714285714 0.105
1 0.6785714285714286 0.27666666666666667 0.06190476190476191 0.07333333333333333
1 0.5047619047619047 0.24666666666666667 0.06666666666666667 0.07333333333333333
0 0.2119047619047619 0.5533333333333333 0.08214285714285714 0.10333333333333333
0 0.6428571428571429 0.585 0.06785714285714285 0.10166666666666667
0 0.3273809523809524 0.43833333333333335 0.0988095238095238 0.11166666666666666
1 0.7523809523809524 0.3333333333333333 0.06190476190476191 0.07166666666666667
1 0.04404761904761905 0.48 0.0761904761904762 0.08333333333333333
0 0.4630952380952381 0.37333333333333335 0.10952380952380952 0.11333333333333333
0 0.9083333333333333 0.4666666666666667 0.11904761904761904 0.115
1 0.5678571428571428 0.59 0.08571428571428572 0.10166666666666667
0 0.8226190476190476 0.37833333333333335 0.07738095238095238 0.09666666666666666
1 0.02738095238095238 0.4266666666666667 0.05238095238095238 0.056666666666666664
1 0.1619047619047619 0.385 0.01904761904761905 0.028333333333333332
1 0.007142857142857143 0.395 0.013095238095238096 0.041666666666666664
1 0.5773809523809523 0.41 0.04642857142857143 0.06
0 0.3630952380952381 0.5566666666666666 0.05238095238095238 0.075
1 0.41309523809523807 0.5533333333333333 0.058333333333333334 0.06166666666666667
1 0.4880952380952381 0.5883333333333334 0.05476190476190476 0.08166666666666667