0 0.3416666666666667 0.6583333333333333 0.11785714285714285 0.17666666666666667
0 0.48333333333333334 0.6333333333333333 0.12976190476190477 0.195
0 0.45476190476190476 0.805 0.10476190476190476 0.15833333333333333
0 0.3892857142857143 0.9 0.05119047619047619 0.07666666666666666
0 0.4357142857142857 0.43 0.12142857142857143 0.18333333333333332
0 0.7011904761904761 0.51 0.07976190476190476 0.12
0 0.6630952380952381 0.6233333333333333 0.08214285714285714 0.12333333333333334
0 0.7607142857142857 0.5766666666666667 0.06190476190476191 0.09333333333333334
0 0.13095238095238096 0.165 0.10595238095238095 0.16
0 0.8416666666666667 0.08666666666666667 0.10952380952380952 0.16333333333333333
0 0.2523809523809524 0.16333333333333333 0.07023809523809524 0.105
0 0.05476190476190476 0.09 0.0988095238095238 0.12666666666666668
0 0.7845238095238095 0.08833333333333333 0.036904761904761905 0.07166666666666667
0 0.9488095238095238 0.18333333333333332 0.07023809523809524 0.11666666666666667
0 0.9785714285714285 0.03 0.041666666666666664 0.058333333333333334
0 0.919047619047619 0.7116666666666667 0.06785714285714285 0.115