1 0.6452380952380953 0.2733333333333333 0.08095238095238096 0.09833333333333333
0 0.4095238095238095 0.058333333333333334 0.06547619047619048 0.095
0 0.1392857142857143 0.24 0.05476190476190476 0.09666666666666666
1 0.6892857142857143 0.6316666666666667 0.1523809523809524 0.21333333333333335
0 0.40595238095238095 0.20666666666666667 0.05 0.07333333333333333
0 0.25952380952380955 0.155 0.060714285714285714 0.06666666666666667
1 0.8476190476190476 0.7266666666666667 0.2571428571428571 0.345
0 0.25476190476190474 0.24833333333333332 0.07976190476190476 0.11333333333333333
0 0.35 0.525 0.1130952380952381 0.15833333333333333
0 0.2523809523809524 0.6183333333333333 0.11785714285714285 0.16
0 0.569047619047619 0.7 0.1869047619047619 0.26666666666666666
1 0.12857142857142856 0.74 0.21071428571428572 0.24666666666666667
1 0.3761904761904762 0.725 0.1738095238095238 0.23833333333333334
0 0.425 0.4533333333333333 0.1630952380952381 0.205
1 0.7119047619047619 0.44 0.17023809523809524 0.15833333333333333