1 0.4595238095238095 0.45666666666666667 0.04880952380952381 0.05
0 0.5928571428571429 0.46166666666666667 0.06785714285714285 0.09
0 0.42023809523809524 0.20333333333333334 0.047619047619047616 0.055
0 0.5607142857142857 0.5466666666666666 0.05 0.07833333333333334
0 0.819047619047619 0.405 0.07857142857142857 0.105
0 0.9547619047619048 0.24 0.07380952380952381 0.07333333333333333
0 0.8404761904761905 0.475 0.08571428571428572 0.13
0 0.680952380952381 0.43 0.06190476190476191 0.075
0 0.8833333333333333 0.635 0.08333333333333333 0.12
0 0.7154761904761905 0.49666666666666665 0.09047619047619047 0.1
0 0.18571428571428572 0.7866666666666666 0.125 0.21833333333333332
0 0.43214285714285716 0.09666666666666666 0.0761904761904762 0.105
0 0.48214285714285715 0.16 0.07261904761904762 0.08333333333333333
0 0.513095238095238 0.515 0.0988095238095238 0.125
0 0.9547619047619048 0.62 0.09047619047619047 0.12166666666666667
0 0.2642857142857143 0.835 0.18214285714285713 0.255
0 0.25952380952380955 0.385 0.17142857142857143 0.22166666666666668
0 0.2154761904761905 0.15166666666666667 0.1869047619047619 0.245
0 0.3880952380952381 0.31 0.15119047619047618 0.20166666666666666
0 0.444047619047619 0.7766666666666666 0.2119047619047619 0.2816666666666667
0 0.5404761904761904 0.11666666666666667 0.055952380952380955 0.075
0 0.6071428571428571 0.235 0.060714285714285714 0.07833333333333334
0 0.5595238095238095 0.29 0.075 0.08666666666666667
0 0.9464285714285714 0.16833333333333333 0.05119047619047619 0.06333333333333334
0 0.5666666666666667 0.7266666666666667 0.05476190476190476 0.095