0 0.9892857142857143 0.495 0.02023809523809524 0.11833333333333333
1 0.1 0.21666666666666667 0.055952380952380955 0.06666666666666667
0 0.9857142857142858 0.3383333333333333 0.02857142857142857 0.125
1 0.5071428571428571 0.055 0.04880952380952381 0.06666666666666667
0 0.6297619047619047 0.43333333333333335 0.060714285714285714 0.07
1 0.3761904761904762 0.19833333333333333 0.055952380952380955 0.08333333333333333
1 0.05476190476190476 0.255 0.04404761904761905 0.055
1 0.7666666666666667 0.6116666666666667 0.03571428571428571 0.09
1 0.8654761904761905 0.2866666666666667 0.09642857142857143 0.105
1 0.325 0.76 0.0880952380952381 0.07666666666666666
0 0.7488095238095238 0.013333333333333334 0.0380952380952381 0.025
1 0.5321428571428571 0.36333333333333334 0.047619047619047616 0.07666666666666666
0 0.844047619047619 0.08166666666666667 0.05476190476190476 0.085
1 0.058333333333333334 0.735 0.06666666666666667 0.07666666666666666
0 0.9107142857142857 0.04833333333333333 0.05476190476190476 0.075
1 0.4023809523809524 0.10833333333333334 0.08095238095238096 0.09166666666666666
1 0.2761904761904762 0.27 0.07261904761904762 0.10333333333333333
1 0.07857142857142857 0.05333333333333334 0.05476190476190476 0.07833333333333334
1 0.14285714285714285 0.6883333333333334 0.06547619047619048 0.08333333333333333
1 0.5821428571428572 0.025 0.07261904761904762 0.04833333333333333
0 0.8107142857142857 0.9183333333333333 0.11071428571428571 0.15833333333333333
1 0.37976190476190474 0.5616666666666666 0.11428571428571428 0.14333333333333334
0 0.48928571428571427 0.5533333333333333 0.11666666666666667 0.155
0 0.33095238095238094 0.66 0.10714285714285714 0.14166666666666666
0 0.7690476190476191 0.31166666666666665 0.11785714285714285 0.15833333333333333
1 0.35833333333333334 0.30333333333333334 0.10952380952380952 0.14666666666666667
0 0.25833333333333336 0.4816666666666667 0.0880952380952381 0.11833333333333333
1 0.44047619047619047 0.19333333333333333 0.09761904761904762 0.14166666666666666
0 0.31785714285714284 0.8683333333333333 0.12857142857142856 0.17666666666666667