0 0.9130952380952381 0.028333333333333332 0.08333333333333333 0.055
0 0.5488095238095239 0.905 0.12738095238095237 0.13833333333333334
0 0.5928571428571429 0.8033333333333333 0.1357142857142857 0.095
0 0.1738095238095238 0.49333333333333335 0.1130952380952381 0.09166666666666666
0 0.5 0.33666666666666667 0.1380952380952381 0.09833333333333333
0 0.7035714285714286 0.28 0.11190476190476191 0.1
0 0.24761904761904763 0.5433333333333333 0.11071428571428571 0.09333333333333334
0 0.2261904761904762 0.12833333333333333 0.1595238095238095 0.12333333333333334
0 0.4797619047619048 0.9433333333333334 0.15357142857142858 0.09
1 0.32261904761904764 0.29833333333333334 0.18214285714285713 0.12
1 0.21071428571428572 0.39 0.15714285714285714 0.12666666666666668
1 0.38095238095238093 0.4266666666666667 0.1773809523809524 0.13666666666666666
0 0.4369047619047619 0.8466666666666667 0.20952380952380953 0.16333333333333333
0 0.4154761904761905 0.13666666666666666 0.21666666666666667 0.18833333333333332