1 0.9702380952380952 0.6333333333333333 0.04642857142857143 0.09666666666666666
1 0.22738095238095238 0.23333333333333334 0.025 0.03166666666666667
1 0.17142857142857143 0.5983333333333334 0.07976190476190476 0.10333333333333333
1 0.07261904761904762 0.3433333333333333 0.06547619047619048 0.07666666666666666
1 0.07023809523809524 0.57 0.05119047619047619 0.09666666666666666
1 0.12142857142857143 0.57 0.08095238095238096 0.105
1 0.9357142857142857 0.6466666666666666 0.08452380952380953 0.115
1 0.9357142857142857 0.275 0.07857142857142857 0.1
1 0.8047619047619048 0.655 0.2130952380952381 0.255
1 0.05 0.465 0.1 0.10833333333333334
1 0.8761904761904762 0.485 0.13333333333333333 0.15666666666666668
1 0.3880952380952381 0.15166666666666667 0.11190476190476191 0.155
0 0.6821428571428572 0.7916666666666666 0.09166666666666666 0.155
1 0.6857142857142857 0.30333333333333334 0.11190476190476191 0.145
1 0.29285714285714287 0.07333333333333333 0.11666666666666667 0.14666666666666667
1 0.8142857142857143 0.38333333333333336 0.14047619047619048 0.17166666666666666
1 0.30952380952380953 0.45 0.16666666666666666 0.21166666666666667
1 0.55 0.78 0.1976190476190476 0.25666666666666665
1 0.35833333333333334 0.69 0.18571428571428572 0.235
1 0.25952380952380955 0.18333333333333332 0.02857142857142857 0.03666666666666667
1 0.2857142857142857 0.22666666666666666 0.036904761904761905 0.041666666666666664
1 0.4297619047619048 0.25 0.039285714285714285 0.05333333333333334