1 0.6047619047619047 0.8233333333333334 0.07142857142857142 0.105
0 0.6916666666666667 0.9766666666666667 0.12976190476190477 0.04666666666666667
1 0.49523809523809526 0.7333333333333333 0.08095238095238096 0.11
1 0.6309523809523809 0.7716666666666666 0.08928571428571429 0.13833333333333334
1 0.9845238095238096 0.2683333333333333 0.030952380952380953 0.10666666666666667
1 0.5619047619047619 0.9483333333333334 0.10833333333333334 0.10166666666666667
1 0.8642857142857143 0.3983333333333333 0.08095238095238096 0.11833333333333333
1 0.85 0.11833333333333333 0.07023809523809524 0.09666666666666666
1 0.8690476190476191 0.2 0.07738095238095238 0.10166666666666667
1 0.12023809523809524 0.44 0.08571428571428572 0.11166666666666666
1 0.7904761904761904 0.3566666666666667 0.07023809523809524 0.08166666666666667
1 0.9369047619047619 0.23 0.0880952380952381 0.13
1 0.5738095238095238 0.5066666666666667 0.09285714285714286 0.14
1 0.3047619047619048 0.37333333333333335 0.13095238095238096 0.14666666666666667
0 0.4642857142857143 0.37833333333333335 0.10119047619047619 0.155
1 0.5464285714285714 0.6416666666666667 0.12976190476190477 0.165
1 0.07738095238095238 0.6116666666666667 0.14523809523809525 0.21
1 0.22857142857142856 0.5016666666666667 0.18214285714285713 0.215
1 0.45 0.23333333333333334 0.12142857142857143 0.17666666666666667
0 0.3869047619047619 0.49833333333333335 0.1392857142857143 0.14833333333333334
1 0.29404761904761906 0.23833333333333334 0.1261904761904762 0.16666666666666666