1 0.3202380952380952 0.065 0.047619047619047616 0.04666666666666667
1 0.3 0.021666666666666667 0.047619047619047616 0.03833333333333333
0 0.8821428571428571 0.87 0.09523809523809523 0.13
1 0.28214285714285714 0.028333333333333332 0.025 0.03333333333333333
0 0.8083333333333333 0.6316666666666667 0.04047619047619048 0.051666666666666666
1 0.7726190476190476 0.8316666666666667 0.09285714285714286 0.09666666666666666
0 0.3964285714285714 0.33666666666666667 0.02142857142857143 0.043333333333333335
1 0.017857142857142856 0.10666666666666667 0.034523809523809526 0.07
1 0.3130952380952381 0.018333333333333333 0.03571428571428571 0.035
0 0.016666666666666666 0.6733333333333333 0.02857142857142857 0.035
0 0.39285714285714285 0.2966666666666667 0.023809523809523808 0.04
1 0.8607142857142858 0.5833333333333334 0.060714285714285714 0.05333333333333334
0 0.4380952380952381 0.275 0.025 0.03166666666666667
1 0.9488095238095238 0.5716666666666667 0.0761904761904762 0.075
0 0.07023809523809524 0.5266666666666666 0.07023809523809524 0.056666666666666664
0 0.44761904761904764 0.3333333333333333 0.03333333333333333 0.05
1 0.04285714285714286 0.3983333333333333 0.06428571428571428 0.06666666666666667
0 0.18333333333333332 0.23333333333333334 0.041666666666666664 0.043333333333333335
1 0.2119047619047619 0.20666666666666667 0.034523809523809526 0.051666666666666666
0 0.594047619047619 0.15166666666666667 0.025 0.03333333333333333
0 0.7690476190476191 0.03666666666666667 0.03214285714285714 0.03833333333333333
1 0.03571428571428571 0.48833333333333334 0.07142857142857142 0.12
1 0.30714285714285716 0.056666666666666664 0.03214285714285714 0.041666666666666664
1 0.8011904761904762 0.2816666666666667 0.05 0.07166666666666667
1 0.8571428571428571 0.9383333333333334 0.07261904761904762 0.09166666666666666
1 0.3357142857142857 0.07666666666666666 0.034523809523809526 0.04666666666666667
1 0.175 0.17833333333333334 0.04047619047619048 0.058333333333333334
1 0.11428571428571428 0.4816666666666667 0.0869047619047619 0.10833333333333334
0 0.7476190476190476 0.6483333333333333 0.0761904761904762 0.08833333333333333
1 0.3904761904761905 0.565 0.075 0.11333333333333333
0 0.6892857142857143 0.75 0.09166666666666666 0.11166666666666666
1 0.2976190476190476 0.5416666666666666 0.07976190476190476 0.10666666666666667
1 0.325 0.6416666666666667 0.09285714285714286 0.105
1 0.7559523809523809 0.91 0.11428571428571428 0.15333333333333332
0 0.36666666666666664 0.26666666666666666 0.02261904761904762 0.03166666666666667
1 0.31785714285714284 0.23333333333333334 0.02857142857142857 0.03166666666666667
1 0.3261904761904762 0.2733333333333333 0.02261904761904762 0.021666666666666667
1 0.34523809523809523 0.25 0.023809523809523808 0.025
1 0.24285714285714285 0.26166666666666666 0.023809523809523808 0.03