0 0.05476190476190476 0.7683333333333333 0.08095238095238096 0.09666666666666666
0 0.23333333333333334 0.43666666666666665 0.05952380952380952 0.08
0 0.27380952380952384 0.38666666666666666 0.05476190476190476 0.07166666666666667
0 0.275 0.5183333333333333 0.060714285714285714 0.08333333333333333
0 0.3761904761904762 0.48833333333333334 0.05238095238095238 0.07166666666666667
0 0.3488095238095238 0.5716666666666667 0.04880952380952381 0.07
0 0.3357142857142857 0.26166666666666666 0.0380952380952381 0.04833333333333333
0 0.5785714285714286 0.365 0.04285714285714286 0.06166666666666667
0 0.49404761904761907 0.475 0.04642857142857143 0.06333333333333334
0 0.6654761904761904 0.4116666666666667 0.03571428571428571 0.055
0 0.7154761904761905 0.45666666666666667 0.0380952380952381 0.051666666666666666
0 0.8119047619047619 0.46166666666666667 0.0380952380952381 0.06166666666666667
0 0.42142857142857143 0.5133333333333333 0.039285714285714285 0.04833333333333333