1 0.15595238095238095 0.056666666666666664 0.03571428571428571 0.045
0 0.4488095238095238 0.19833333333333333 0.09047619047619047 0.11
0 0.41904761904761906 0.25833333333333336 0.07380952380952381 0.08333333333333333
1 0.09047619047619047 0.10833333333333334 0.05952380952380952 0.09
0 0.5154761904761904 0.125 0.0880952380952381 0.105
0 0.7845238095238095 0.205 0.09166666666666666 0.09833333333333333
0 0.25357142857142856 0.9066666666666666 0.10238095238095238 0.13833333333333334
1 0.13452380952380952 0.31 0.08452380952380953 0.1
0 0.6702380952380952 0.245 0.09285714285714286 0.11833333333333333
0 0.6083333333333333 0.07833333333333334 0.10595238095238095 0.155
0 0.5321428571428571 0.24333333333333335 0.11904761904761904 0.15833333333333333
0 0.37857142857142856 0.7733333333333333 0.10952380952380952 0.16166666666666665
0 0.569047619047619 0.715 0.125 0.15666666666666668
0 0.5857142857142857 0.53 0.12738095238095237 0.17
0 0.3416666666666667 0.9116666666666666 0.13452380952380952 0.16166666666666665
0 0.6440476190476191 0.37 0.14047619047619048 0.16
0 0.7797619047619048 0.3383333333333333 0.13214285714285715 0.16333333333333333
0 0.4988095238095238 0.4066666666666667 0.12142857142857143 0.15166666666666667
0 0.5952380952380952 0.715 0.060714285714285714 0.09666666666666666