1 0.14285714285714285 0.33 0.047619047619047616 0.07333333333333333
0 0.8964285714285715 0.125 0.04404761904761905 0.055
0 0.7880952380952381 0.44 0.06785714285714285 0.09166666666666666
0 0.2654761904761905 0.11 0.09642857142857143 0.13166666666666665
0 0.7154761904761905 0.07 0.04880952380952381 0.07
0 0.7690476190476191 0.10166666666666667 0.04523809523809524 0.07
1 0.725 0.31833333333333336 0.04404761904761905 0.06
0 0.7404761904761905 0.125 0.05238095238095238 0.065
0 0.6619047619047619 0.325 0.08333333333333333 0.09666666666666666
0 0.20357142857142857 0.07333333333333333 0.08571428571428572 0.14
0 0.794047619047619 0.71 0.05952380952380952 0.06666666666666667
0 0.8416666666666667 0.275 0.06785714285714285 0.085
0 0.8797619047619047 0.375 0.0869047619047619 0.105
0 0.8392857142857143 0.11 0.05952380952380952 0.06333333333333334
0 0.6583333333333333 0.45166666666666666 0.07380952380952381 0.095
0 0.9571428571428572 0.12166666666666667 0.05357142857142857 0.07666666666666666
0 0.6440476190476191 0.045 0.04047619047619048 0.056666666666666664
0 0.8369047619047619 0.49166666666666664 0.0880952380952381 0.115
0 0.15714285714285714 0.5183333333333333 0.10595238095238095 0.13666666666666666
0 0.20595238095238094 0.22666666666666666 0.08452380952380953 0.12333333333333334
0 0.9035714285714286 0.48 0.06428571428571428 0.09166666666666666
0 0.12261904761904761 0.44 0.1392857142857143 0.165
0 0.8904761904761904 0.23666666666666666 0.0761904761904762 0.07333333333333333
0 0.2011904761904762 0.7433333333333333 0.14404761904761904 0.14333333333333334
0 0.6928571428571428 0.63 0.10595238095238095 0.14666666666666667
0 0.8083333333333333 0.6283333333333333 0.09761904761904762 0.11333333333333333
0 0.6761904761904762 0.24833333333333332 0.0988095238095238 0.11333333333333333
0 0.5464285714285714 0.44333333333333336 0.13690476190476192 0.17666666666666667
1 0.5738095238095238 0.6066666666666667 0.1773809523809524 0.205
0 0.1392857142857143 0.6566666666666666 0.17976190476190476 0.205
0 0.37857142857142856 0.41833333333333333 0.22380952380952382 0.2833333333333333