1 0.015476190476190477 0.23166666666666666 0.02619047619047619 0.11
1 0.694047619047619 0.30833333333333335 0.13095238095238096 0.13
1 0.5035714285714286 0.8 0.12142857142857143 0.17166666666666666
1 0.8607142857142858 0.29 0.09523809523809523 0.14833333333333334
1 0.8226190476190476 0.435 0.1130952380952381 0.125
1 0.8011904761904762 0.31166666666666665 0.10833333333333334 0.15333333333333332
1 0.19523809523809524 0.605 0.20833333333333334 0.25833333333333336
1 0.05476190476190476 0.31333333333333335 0.09404761904761905 0.09333333333333334
1 0.4738095238095238 0.18833333333333332 0.11785714285714285 0.16333333333333333
1 0.6773809523809524 0.43833333333333335 0.1738095238095238 0.225
0 0.25 0.3233333333333333 0.1380952380952381 0.165
1 0.5273809523809524 0.34833333333333333 0.16428571428571428 0.26
0 0.2369047619047619 0.8283333333333334 0.22142857142857142 0.265
1 0.5642857142857143 0.9633333333333334 0.1380952380952381 0.07333333333333333