1 0.30952380952380953 0.345 0.05357142857142857 0.07166666666666667
0 0.9392857142857143 0.4033333333333333 0.04642857142857143 0.05
0 0.8714285714285714 0.39166666666666666 0.0380952380952381 0.056666666666666664
1 0.675 0.155 0.039285714285714285 0.055
1 0.5428571428571428 0.04833333333333333 0.04523809523809524 0.055
1 0.2630952380952381 0.055 0.034523809523809526 0.04666666666666667
1 0.9297619047619048 0.018333333333333333 0.047619047619047616 0.035
1 0.8238095238095238 0.085 0.03333333333333333 0.04833333333333333
1 0.48928571428571427 0.015 0.03333333333333333 0.028333333333333332
1 0.8452380952380952 0.03666666666666667 0.039285714285714285 0.051666666666666666
0 0.4357142857142857 0.31 0.05238095238095238 0.06166666666666667
1 0.5011904761904762 0.335 0.0869047619047619 0.12166666666666667
1 0.5202380952380953 0.405 0.0880952380952381 0.07666666666666666
1 0.8535714285714285 0.10666666666666667 0.04285714285714286 0.056666666666666664
1 0.11904761904761904 0.11833333333333333 0.07023809523809524 0.08
1 0.34285714285714286 0.315 0.06190476190476191 0.11
1 0.7547619047619047 0.6516666666666666 0.1130952380952381 0.135
1 0.8595238095238096 0.6116666666666667 0.0988095238095238 0.14666666666666667
1 0.07857142857142857 0.5616666666666666 0.15595238095238095 0.185
1 0.2654761904761905 0.485 0.07142857142857142 0.08166666666666667
1 0.75 0.52 0.10357142857142858 0.12833333333333333
1 0.5785714285714286 0.37 0.08333333333333333 0.115
0 0.16547619047619047 0.45 0.13333333333333333 0.18333333333333332
0 0.8761904761904762 0.34 0.03571428571428571 0.04666666666666667