0 0.21785714285714286 0.11333333333333333 0.14285714285714285 0.19666666666666666
0 0.8380952380952381 0.31166666666666665 0.1130952380952381 0.16
0 0.5178571428571429 0.7933333333333333 0.18095238095238095 0.2683333333333333
0 0.24404761904761904 0.7 0.08928571428571429 0.12
0 0.31785714285714284 0.9066666666666666 0.09285714285714286 0.12833333333333333
0 0.41309523809523807 0.8966666666666666 0.09761904761904762 0.11166666666666666
0 0.15595238095238095 0.4 0.12738095238095237 0.14666666666666667
0 0.31666666666666665 0.35833333333333334 0.12976190476190477 0.20666666666666667
0 0.5476190476190477 0.14666666666666667 0.12142857142857143 0.165
0 0.6476190476190476 0.195 0.09166666666666666 0.15833333333333333
0 0.5166666666666667 0.28 0.1 0.12333333333333334
0 0.30238095238095236 0.545 0.12142857142857143 0.16166666666666665