1 0.25952380952380955 0.6133333333333333 0.1976190476190476 0.30333333333333334
0 0.1880952380952381 0.21666666666666667 0.05119047619047619 0.056666666666666664
1 0.36666666666666664 0.135 0.10119047619047619 0.09833333333333333
0 0.3738095238095238 0.22166666666666668 0.11190476190476191 0.11833333333333333
1 0.4142857142857143 0.1 0.05357142857142857 0.07833333333333334
0 0.1595238095238095 0.9766666666666667 0.2011904761904762 0.04666666666666667
1 0.8261904761904761 0.215 0.055952380952380955 0.085
0 0.9166666666666666 0.8666666666666667 0.09166666666666666 0.11833333333333333
1 0.794047619047619 0.275 0.075 0.095
1 0.5654761904761905 0.125 0.09761904761904762 0.13666666666666666
1 0.7666666666666667 0.17666666666666667 0.08095238095238096 0.10833333333333334
1 0.45357142857142857 0.7516666666666667 0.08095238095238096 0.11
1 0.6464285714285715 0.10833333333333334 0.10595238095238095 0.13166666666666665
1 0.36666666666666664 0.6766666666666666 0.21666666666666667 0.305
1 0.5380952380952381 0.035 0.06547619047619048 0.06833333333333333
0 0.6273809523809524 0.3433333333333333 0.12976190476190477 0.16833333333333333
1 0.6047619047619047 0.5883333333333334 0.15833333333333333 0.20333333333333334
0 0.569047619047619 0.8016666666666666 0.16071428571428573 0.275
1 0.6952380952380952 0.4866666666666667 0.14404761904761904 0.2
1 0.11547619047619048 0.44 0.22738095238095238 0.31333333333333335
0 0.7440476190476191 0.8016666666666666 0.19404761904761905 0.28833333333333333
1 0.9488095238095238 0.7783333333333333 0.06428571428571428 0.085
1 0.9523809523809523 0.5616666666666666 0.06785714285714285 0.09
1 0.2702380952380952 0.045 0.06666666666666667 0.058333333333333334
1 0.04404761904761905 0.66 0.0869047619047619 0.11
1 0.2916666666666667 0.865 0.05 0.06666666666666667
1 0.20952380952380953 0.9533333333333334 0.05476190476190476 0.07166666666666667
1 0.42142857142857143 0.8333333333333334 0.07023809523809524 0.07333333333333333
1 0.5095238095238095 0.19166666666666668 0.06547619047619048 0.08166666666666667