0 0.5988095238095238 0.5533333333333333 0.07857142857142857 0.145
0 0.9452380952380952 0.025 0.05357142857142857 0.04666666666666667
0 0.2845238095238095 0.7033333333333334 0.10595238095238095 0.205
1 0.39166666666666666 0.525 0.0761904761904762 0.09833333333333333
0 0.4023809523809524 0.4 0.1595238095238095 0.185
1 0.5369047619047619 0.6433333333333333 0.10119047619047619 0.175
1 0.7380952380952381 0.6766666666666666 0.12023809523809524 0.14666666666666667
0 0.7035714285714286 0.5366666666666666 0.1619047619047619 0.18
1 0.5166666666666667 0.075 0.11785714285714285 0.145
1 0.4392857142857143 0.19 0.09047619047619047 0.13
1 0.6238095238095238 0.8283333333333334 0.22738095238095238 0.305
0 0.4011904761904762 0.705 0.2 0.26666666666666666