0 0.8785714285714286 0.57 0.24166666666666667 0.39666666666666667
1 0.7416666666666667 0.023333333333333334 0.10357142857142858 0.045
0 0.9226190476190477 0.30833333333333335 0.14761904761904762 0.2683333333333333
0 0.8333333333333334 0.2783333333333333 0.07142857142857142 0.1
1 0.04642857142857143 0.38166666666666665 0.05952380952380952 0.08
0 0.6202380952380953 0.18166666666666667 0.06547619047619048 0.07166666666666667
0 0.3130952380952381 0.5383333333333333 0.07976190476190476 0.1
0 0.32857142857142857 0.4 0.09404761904761905 0.16666666666666666
0 0.11071428571428571 0.4666666666666667 0.07857142857142857 0.10333333333333333
0 0.5059523809523809 0.6966666666666667 0.13690476190476192 0.20166666666666666
1 0.1988095238095238 0.5166666666666667 0.12976190476190477 0.13
1 0.43452380952380953 0.515 0.10595238095238095 0.14166666666666666
1 0.7523809523809524 0.125 0.11666666666666667 0.155
1 0.5773809523809523 0.11666666666666667 0.1 0.125
0 0.10119047619047619 0.34 0.14404761904761904 0.15666666666666668
0 0.23333333333333334 0.425 0.1523809523809524 0.16333333333333333
1 0.4095238095238095 0.6616666666666666 0.13333333333333333 0.18166666666666667
0 0.6821428571428572 0.8566666666666667 0.21785714285714286 0.2783333333333333
0 0.23809523809523808 0.24666666666666667 0.16428571428571428 0.18333333333333332
0 0.7547619047619047 0.49833333333333335 0.125 0.25333333333333335
1 0.5869047619047619 0.37166666666666665 0.047619047619047616 0.10833333333333334
1 0.2511904761904762 0.5733333333333334 0.06666666666666667 0.045