0 0.8845238095238095 0.25166666666666665 0.10595238095238095 0.17333333333333334
0 0.7285714285714285 0.31 0.12380952380952381 0.11
1 0.3976190476190476 0.305 0.1130952380952381 0.15
0 0.580952380952381 0.32666666666666666 0.0988095238095238 0.11333333333333333
0 0.7047619047619048 0.25333333333333335 0.11071428571428571 0.12166666666666667
0 0.33214285714285713 0.505 0.15357142857142858 0.17
0 0.9416666666666667 0.2816666666666667 0.11428571428571428 0.23666666666666666
0 0.8928571428571429 0.11333333333333333 0.14523809523809525 0.18
0 0.49047619047619045 0.91 0.14761904761904762 0.17666666666666667
0 0.6738095238095239 0.49833333333333335 0.13690476190476192 0.175
0 0.5904761904761905 0.8816666666666667 0.1595238095238095 0.235
0 0.7273809523809524 0.7466666666666667 0.20357142857142857 0.2833333333333333
0 0.4119047619047619 0.6683333333333333 0.14047619047619048 0.19
0 0.21071428571428572 0.35333333333333333 0.1738095238095238 0.20333333333333334
1 0.25 0.17833333333333334 0.2130952380952381 0.2866666666666667
0 0.6607142857142857 0.16833333333333333 0.1880952380952381 0.26166666666666666
1 0.4726190476190476 0.45666666666666667 0.18333333333333332 0.24666666666666667
1 0.18571428571428572 0.5933333333333334 0.18333333333333332 0.20666666666666667