0 0.47023809523809523 0.255 0.041666666666666664 0.05333333333333334
0 0.6726190476190477 0.043333333333333335 0.02619047619047619 0.03666666666666667
0 0.02738095238095238 0.5266666666666666 0.05119047619047619 0.06666666666666667
0 0.6785714285714286 0.20666666666666667 0.0380952380952381 0.04666666666666667
0 0.8785714285714286 0.455 0.05119047619047619 0.07166666666666667
0 0.03214285714285714 0.45 0.0630952380952381 0.105
0 0.7988095238095239 0.06166666666666667 0.09642857142857143 0.11833333333333333
0 0.42738095238095236 0.28 0.05 0.06166666666666667
0 0.9523809523809523 0.485 0.07857142857142857 0.09666666666666666
0 0.3880952380952381 0.23166666666666666 0.05238095238095238 0.07
0 0.7619047619047619 0.205 0.08571428571428572 0.11666666666666667
0 0.7321428571428571 0.46166666666666667 0.16547619047619047 0.15
0 0.675 0.6666666666666666 0.10714285714285714 0.13
0 0.9154761904761904 0.11 0.16547619047619047 0.19833333333333333
0 0.3595238095238095 0.5433333333333333 0.2011904761904762 0.24166666666666667
0 0.5654761904761905 0.5616666666666666 0.2119047619047619 0.2683333333333333
0 0.8285714285714286 0.24833333333333332 0.1380952380952381 0.16666666666666666
1 0.16428571428571428 0.48 0.20357142857142857 0.24
0 0.7535714285714286 0.6066666666666667 0.15714285714285714 0.17333333333333334