0 0.2714285714285714 0.39166666666666666 0.05714285714285714 0.03166666666666667
0 0.12976190476190477 0.23666666666666666 0.07023809523809524 0.09333333333333334
0 0.3464285714285714 0.28 0.05952380952380952 0.07333333333333333
1 0.7702380952380953 0.09 0.07142857142857142 0.08166666666666667
0 0.5095238095238095 0.61 0.05119047619047619 0.08666666666666667
0 0.9119047619047619 0.395 0.06904761904761905 0.09666666666666666
0 0.15595238095238095 0.2966666666666667 0.10833333333333334 0.165
0 0.7333333333333333 0.7883333333333333 0.07142857142857142 0.06166666666666667
0 0.9 0.3 0.09404761904761905 0.10833333333333334
0 0.7583333333333333 0.3433333333333333 0.08333333333333333 0.10666666666666667
0 0.15714285714285714 0.10166666666666667 0.13333333333333333 0.16333333333333333
0 0.8214285714285714 0.15333333333333332 0.08095238095238096 0.105
0 0.3261904761904762 0.3566666666666667 0.04880952380952381 0.06666666666666667
0 0.8226190476190476 0.765 0.13333333333333333 0.175
0 0.8321428571428572 0.41333333333333333 0.1357142857142857 0.16166666666666665
0 0.2523809523809524 0.31666666666666665 0.13690476190476192 0.15
0 0.6869047619047619 0.7066666666666667 0.1261904761904762 0.17333333333333334
0 0.7404761904761905 0.5566666666666666 0.13095238095238096 0.16
0 0.544047619047619 0.4216666666666667 0.07976190476190476 0.1
0 0.4488095238095238 0.625 0.11071428571428571 0.13166666666666665