1 0.9880952380952381 0.7516666666666667 0.023809523809523808 0.075
0 0.6071428571428571 0.7383333333333333 0.07976190476190476 0.09
1 0.3464285714285714 0.25833333333333336 0.04047619047619048 0.043333333333333335
1 0.2869047619047619 0.02 0.04285714285714286 0.03833333333333333
0 0.016666666666666666 0.6533333333333333 0.03214285714285714 0.12833333333333333
1 0.9178571428571428 0.9633333333333334 0.08214285714285714 0.07333333333333333
1 0.175 0.006666666666666667 0.02976190476190476 0.013333333333333334
1 0.5369047619047619 0.013333333333333334 0.034523809523809526 0.02666666666666667
1 0.01904761904761905 0.43833333333333335 0.036904761904761905 0.20333333333333334
0 0.13333333333333333 0.8416666666666667 0.14523809523809525 0.19833333333333333
0 0.36428571428571427 0.23666666666666666 0.055952380952380955 0.08166666666666667
1 0.45595238095238094 0.15333333333333332 0.05 0.075
0 0.6404761904761904 0.845 0.06190476190476191 0.095
1 0.7166666666666667 0.97 0.06666666666666667 0.06
0 0.24285714285714285 0.305 0.08928571428571429 0.09166666666666666
1 0.7988095238095239 0.31 0.07261904761904762 0.105
1 0.9392857142857143 0.68 0.05357142857142857 0.07
1 0.16428571428571428 0.17166666666666666 0.05476190476190476 0.06166666666666667
0 0.32142857142857145 0.35333333333333333 0.14047619047619048 0.155
1 0.030952380952380953 0.7983333333333333 0.06190476190476191 0.13833333333333334
1 0.4857142857142857 0.25 0.0988095238095238 0.11166666666666666
1 0.7476190476190476 0.375 0.08928571428571429 0.10666666666666667
1 0.5607142857142857 0.20333333333333334 0.07261904761904762 0.11
1 0.4976190476190476 0.19 0.08452380952380953 0.11833333333333333
1 0.7202380952380952 0.2783333333333333 0.08333333333333333 0.11166666666666666
0 0.23095238095238096 0.7733333333333333 0.21785714285714286 0.305
0 0.6976190476190476 0.875 0.10714285714285714 0.14833333333333334
1 0.31666666666666665 0.475 0.16666666666666666 0.19
1 0.9357142857142857 0.8933333333333333 0.06428571428571428 0.06333333333333334