0 0.9416666666666667 0.9833333333333333 0.11547619047619048 0.03166666666666667
0 0.36904761904761907 0.9783333333333334 0.10119047619047619 0.04
1 0.29523809523809524 0.015 0.08571428571428572 0.028333333333333332
1 0.17261904761904762 0.245 0.058333333333333334 0.06666666666666667
0 0.9214285714285714 0.22166666666666668 0.07261904761904762 0.09833333333333333
1 0.12976190476190477 0.22 0.05238095238095238 0.06666666666666667
0 0.4845238095238095 0.16333333333333333 0.07738095238095238 0.09
1 0.25595238095238093 0.7266666666666667 0.0869047619047619 0.08
1 0.6642857142857143 0.9333333333333333 0.09285714285714286 0.13166666666666665
1 0.4 0.12833333333333333 0.07976190476190476 0.08666666666666667
1 0.17857142857142858 0.11833333333333333 0.06666666666666667 0.085
1 0.10119047619047619 0.025 0.07380952380952381 0.04833333333333333
1 0.9214285714285714 0.325 0.07857142857142857 0.1
1 0.8678571428571429 0.7216666666666667 0.13452380952380952 0.14166666666666666
1 0.3595238095238095 0.7433333333333333 0.08928571428571429 0.10833333333333334
0 0.0630952380952381 0.5533333333333333 0.1261904761904762 0.185
0 0.8773809523809524 0.04833333333333333 0.07857142857142857 0.095
1 0.4988095238095238 0.9433333333333334 0.08928571428571429 0.11
1 0.6059523809523809 0.8783333333333333 0.11190476190476191 0.16
1 0.37142857142857144 0.8633333333333333 0.09523809523809523 0.13833333333333334
0 0.1130952380952381 0.6683333333333333 0.11071428571428571 0.13333333333333333
1 0.2619047619047619 0.8416666666666667 0.1392857142857143 0.18333333333333332
1 0.1619047619047619 0.8616666666666667 0.08928571428571429 0.13666666666666666
1 0.30833333333333335 0.10666666666666667 0.11904761904761904 0.16
0 0.7321428571428571 0.5883333333333334 0.17142857142857143 0.20333333333333334
1 0.844047619047619 0.49333333333333335 0.16785714285714284 0.19333333333333333
0 0.8464285714285714 0.25 0.058333333333333334 0.08166666666666667