0 0.5333333333333333 0.013333333333333334 0.08928571428571429 0.02666666666666667
1 0.7071428571428572 0.03833333333333333 0.07142857142857142 0.07666666666666666
0 0.6726190476190477 0.44 0.10119047619047619 0.15
0 0.7511904761904762 0.08 0.05952380952380952 0.07166666666666667
0 0.9357142857142857 0.056666666666666664 0.04642857142857143 0.06
0 0.888095238095238 0.125 0.041666666666666664 0.06166666666666667
0 0.844047619047619 0.11166666666666666 0.05952380952380952 0.07166666666666667
0 0.8178571428571428 0.19 0.05714285714285714 0.075
0 0.6666666666666666 0.6433333333333333 0.1761904761904762 0.25833333333333336
0 0.5738095238095238 0.515 0.1488095238095238 0.22666666666666666
0 0.780952380952381 0.405 0.14166666666666666 0.17166666666666666
0 0.28214285714285714 0.44666666666666666 0.1773809523809524 0.23333333333333334
0 0.09523809523809523 0.38333333333333336 0.18452380952380953 0.2633333333333333
0 0.38095238095238093 0.59 0.18214285714285713 0.2733333333333333
0 0.5892857142857143 0.20666666666666667 0.1595238095238095 0.23833333333333334
0 0.8142857142857143 0.6216666666666667 0.17142857142857143 0.19
0 0.18214285714285713 0.6183333333333333 0.2130952380952381 0.22833333333333333