0 0.8464285714285714 0.5916666666666667 0.02023809523809524 0.028333333333333332
1 0.6869047619047619 0.28833333333333333 0.02261904761904762 0.03
1 0.8392857142857143 0.24666666666666667 0.030952380952380953 0.04
0 0.9452380952380952 0.6633333333333333 0.02619047619047619 0.035
1 0.5190476190476191 0.85 0.04642857142857143 0.06333333333333334
1 0.8202380952380952 0.20833333333333334 0.030952380952380953 0.041666666666666664
1 0.8654761904761905 0.12166666666666667 0.03333333333333333 0.03833333333333333
0 0.6202380952380953 0.15833333333333333 0.025 0.03833333333333333
0 0.6523809523809524 0.9766666666666667 0.09047619047619047 0.04666666666666667
1 0.8154761904761905 0.255 0.036904761904761905 0.045
0 0.8845238095238095 0.71 0.036904761904761905 0.04
0 0.2119047619047619 0.22833333333333333 0.02738095238095238 0.04
1 0.6369047619047619 0.18 0.03333333333333333 0.043333333333333335
1 0.694047619047619 0.52 0.03333333333333333 0.058333333333333334
0 0.7976190476190477 0.22 0.025 0.03666666666666667
0 0.6642857142857143 0.19 0.02619047619047619 0.03666666666666667
0 0.8488095238095238 0.625 0.02619047619047619 0.03333333333333333
1 0.02738095238095238 0.6633333333333333 0.05476190476190476 0.14666666666666667
0 0.8797619047619047 0.6683333333333333 0.04047619047619048 0.05333333333333334
0 0.6678571428571428 0.555 0.034523809523809526 0.055
0 0.9571428571428572 0.7516666666666667 0.05119047619047619 0.06166666666666667
1 0.5380952380952381 0.9283333333333333 0.05357142857142857 0.07833333333333334
1 0.7440476190476191 0.28 0.036904761904761905 0.05
1 0.8166666666666667 0.155 0.02738095238095238 0.035
1 0.7226190476190476 0.325 0.036904761904761905 0.04833333333333333
1 0.6273809523809524 0.11833333333333333 0.034523809523809526 0.045
1 0.38571428571428573 0.19666666666666666 0.041666666666666664 0.056666666666666664
1 0.7559523809523809 0.3516666666666667 0.041666666666666664 0.05333333333333334
1 0.3773809523809524 0.24666666666666667 0.0380952380952381 0.04833333333333333
1 0.5238095238095238 0.38666666666666666 0.055952380952380955 0.07666666666666666
1 0.7321428571428571 0.5516666666666666 0.04285714285714286 0.03333333333333333
1 0.7309523809523809 0.585 0.04047619047619048 0.028333333333333332
1 0.6928571428571428 0.605 0.04047619047619048 0.04