0 0.5535714285714286 0.6616666666666666 0.06666666666666667 0.1
0 0.9261904761904762 0.24 0.06666666666666667 0.1
0 0.7130952380952381 0.52 0.09166666666666666 0.13666666666666666
0 0.4666666666666667 0.8166666666666667 0.08571428571428572 0.12833333333333333
0 0.5261904761904762 0.8116666666666666 0.06428571428571428 0.095
0 0.3488095238095238 0.79 0.08095238095238096 0.12166666666666667
0 0.31547619047619047 0.9466666666666667 0.06904761904761905 0.10666666666666667
0 0.2726190476190476 0.8266666666666667 0.07023809523809524 0.105
0 0.3273809523809524 0.5516666666666666 0.08095238095238096 0.12166666666666667
0 0.4523809523809524 0.3433333333333333 0.08928571428571429 0.13333333333333333
0 0.5392857142857143 0.8616666666666667 0.05714285714285714 0.085
0 0.19166666666666668 0.13833333333333334 0.08928571428571429 0.13333333333333333
0 0.24523809523809523 0.1 0.08928571428571429 0.135
0 0.19404761904761905 0.265 0.07738095238095238 0.11666666666666667
0 0.49047619047619045 0.755 0.03214285714285714 0.043333333333333335