0 0.5738095238095238 0.6616666666666666 0.10238095238095238 0.15333333333333332
0 0.7095238095238096 0.7366666666666667 0.11428571428571428 0.17166666666666666
0 0.8392857142857143 0.5083333333333333 0.09047619047619047 0.135
0 0.9035714285714286 0.7333333333333333 0.09642857142857143 0.145
0 0.7904761904761904 0.6733333333333333 0.08928571428571429 0.135
0 0.47023809523809523 0.745 0.09285714285714286 0.13833333333333334
0 0.575 0.8083333333333333 0.08333333333333333 0.125
0 0.3488095238095238 0.49 0.047619047619047616 0.07166666666666667
0 0.29285714285714287 0.44166666666666665 0.055952380952380955 0.085
0 0.3547619047619048 0.13666666666666666 0.08333333333333333 0.125
0 0.49166666666666664 0.6216666666666667 0.11190476190476191 0.16833333333333333
0 0.6214285714285714 0.7483333333333333 0.07261904761904762 0.11
0 0.2904761904761905 0.135 0.04523809523809524 0.085
0 0.8369047619047619 0.32166666666666666 0.08452380952380953 0.11666666666666667