0 0.8154761904761905 0.055 0.09404761904761905 0.10666666666666667
0 0.4511904761904762 0.71 0.10238095238095238 0.12
0 0.5607142857142857 0.905 0.12857142857142856 0.15
0 0.31785714285714284 0.38 0.14285714285714285 0.13166666666666665
0 0.7214285714285714 0.7566666666666667 0.04404761904761905 0.06166666666666667
0 0.5857142857142857 0.61 0.10119047619047619 0.19833333333333333
1 0.6202380952380953 0.8316666666666667 0.19166666666666668 0.2633333333333333
0 0.7880952380952381 0.21666666666666667 0.14642857142857144 0.17
0 0.18214285714285713 0.17666666666666667 0.17261904761904762 0.21
0 0.15595238095238095 0.475 0.18333333333333332 0.22666666666666666
1 0.3952380952380952 0.85 0.16785714285714284 0.245