1 0.40476190476190477 0.43333333333333335 0.06785714285714285 0.05
0 0.2642857142857143 0.36833333333333335 0.058333333333333334 0.03833333333333333
1 0.3261904761904762 0.21 0.08452380952380953 0.09333333333333334
1 0.555952380952381 0.22833333333333333 0.13690476190476192 0.15333333333333332
0 0.7607142857142857 0.845 0.18333333333333332 0.155
0 0.319047619047619 0.13666666666666666 0.09166666666666666 0.08166666666666667
0 0.05 0.5133333333333333 0.1 0.11833333333333333
1 0.5119047619047619 0.6316666666666667 0.07023809523809524 0.056666666666666664
0 0.9214285714285714 0.7683333333333333 0.12857142857142856 0.145
0 0.5119047619047619 0.525 0.25 0.15833333333333333
0 0.09047619047619047 0.25833333333333336 0.15357142857142858 0.12166666666666667
0 0.10357142857142858 0.41 0.16547619047619047 0.12833333333333333
0 0.1869047619047619 0.31333333333333335 0.19642857142857142 0.15833333333333333
0 0.6095238095238096 0.405 0.25833333333333336 0.18666666666666668
0 0.42142857142857143 0.7133333333333334 0.225 0.155
0 0.40476190476190477 0.88 0.2511904761904762 0.195
0 0.7642857142857142 0.255 0.29285714285714287 0.23333333333333334
0 0.6214285714285714 0.7616666666666667 0.23452380952380952 0.18666666666666668