0 0.5952380952380952 0.56 0.08214285714285714 0.10333333333333333
0 0.65 0.08333333333333333 0.10595238095238095 0.135
0 0.6880952380952381 0.49166666666666664 0.08452380952380953 0.13
0 0.4773809523809524 0.37333333333333335 0.1130952380952381 0.155
0 0.7702380952380953 0.555 0.1392857142857143 0.18833333333333332
0 0.7511904761904762 0.04833333333333333 0.12976190476190477 0.09666666666666666
0 0.7690476190476191 0.71 0.11547619047619048 0.15166666666666667
0 0.3880952380952381 0.5066666666666667 0.12142857142857143 0.20833333333333334
1 0.39285714285714285 0.905 0.16428571428571428 0.18833333333333332
0 0.5726190476190476 0.3433333333333333 0.15119047619047618 0.17333333333333334
0 0.49047619047619045 0.605 0.1738095238095238 0.24333333333333335
0 0.6404761904761904 0.83 0.1976190476190476 0.2783333333333333