0 0.7392857142857143 0.37 0.04285714285714286 0.05333333333333334
0 0.05 0.8966666666666666 0.041666666666666664 0.04
1 0.6190476190476191 0.7533333333333333 0.047619047619047616 0.045
0 0.5773809523809523 0.27 0.08571428571428572 0.11
0 0.6392857142857142 0.05333333333333334 0.06190476190476191 0.08833333333333333
1 0.30714285714285716 0.595 0.09285714285714286 0.1
1 0.969047619047619 0.5816666666666667 0.06190476190476191 0.08333333333333333
1 0.21904761904761905 0.32166666666666666 0.05952380952380952 0.07166666666666667
1 0.638095238095238 0.8866666666666667 0.1130952380952381 0.10333333333333333
1 0.3119047619047619 0.455 0.08571428571428572 0.15333333333333332
1 0.5773809523809523 0.11 0.06428571428571428 0.09833333333333333
1 0.5285714285714286 0.8883333333333333 0.13333333333333333 0.15333333333333332
1 0.8166666666666667 0.38 0.08928571428571429 0.11166666666666666
1 0.6904761904761905 0.48 0.10714285714285714 0.13833333333333334
0 0.6571428571428571 0.5683333333333334 0.07380952380952381 0.09666666666666666