1 0.6857142857142857 0.32166666666666666 0.09523809523809523 0.085
1 0.9642857142857143 0.625 0.04285714285714286 0.055
1 0.530952380952381 0.21666666666666667 0.03214285714285714 0.04666666666666667
1 0.9071428571428571 0.06833333333333333 0.0380952380952381 0.045
1 0.6928571428571428 0.3883333333333333 0.034523809523809526 0.045
0 0.5642857142857143 0.30333333333333334 0.07142857142857142 0.10333333333333333
1 0.6321428571428571 0.32 0.04880952380952381 0.07166666666666667
1 0.1595238095238095 0.79 0.13333333333333333 0.195
1 0.513095238095238 0.30833333333333335 0.03214285714285714 0.041666666666666664
1 0.13214285714285715 0.38333333333333336 0.09404761904761905 0.10333333333333333
1 0.9630952380952381 0.115 0.07380952380952381 0.105
1 0.6071428571428571 0.4116666666666667 0.04880952380952381 0.07
1 0.8369047619047619 0.10666666666666667 0.07976190476190476 0.08666666666666667
1 0.12142857142857143 0.535 0.09047619047619047 0.14
1 0.20952380952380953 0.2966666666666667 0.07380952380952381 0.09166666666666666
1 0.9119047619047619 0.20333333333333334 0.0869047619047619 0.09666666666666666
1 0.7226190476190476 0.325 0.05357142857142857 0.07666666666666666
0 0.9666666666666667 0.5516666666666666 0.05952380952380952 0.08
0 0.975 0.8733333333333333 0.047619047619047616 0.11333333333333333
1 0.7345238095238096 0.07833333333333334 0.08333333333333333 0.11166666666666666
1 0.6833333333333333 0.09 0.06190476190476191 0.10166666666666667
1 0.444047619047619 0.02 0.05357142857142857 0.03833333333333333
0 0.047619047619047616 0.24666666666666667 0.06666666666666667 0.07833333333333334
1 0.19523809523809524 0.49833333333333335 0.11071428571428571 0.135
1 0.39166666666666666 0.03166666666666667 0.0630952380952381 0.06166666666666667
0 0.42738095238095236 0.54 0.12261904761904761 0.18
0 0.8833333333333333 0.31666666666666665 0.11190476190476191 0.12166666666666667
1 0.3964285714285714 0.6883333333333334 0.1392857142857143 0.18666666666666668
1 0.5369047619047619 0.5016666666666667 0.14523809523809525 0.19166666666666668
0 0.794047619047619 0.32166666666666666 0.10714285714285714 0.15
1 0.5178571428571429 0.675 0.11071428571428571 0.145
0 0.925 0.5433333333333333 0.04404761904761905 0.075
0 0.9142857142857143 0.4666666666666667 0.04047619047619048 0.058333333333333334
0 0.17976190476190476 0.058333333333333334 0.05238095238095238 0.06166666666666667
0 0.04523809523809524 0.11666666666666667 0.058333333333333334 0.06166666666666667
0 0.275 0.07666666666666666 0.041666666666666664 0.056666666666666664
0 0.31666666666666665 0.07666666666666666 0.04523809523809524 0.055
0 0.28095238095238095 0.02666666666666667 0.04523809523809524 0.05333333333333334
0 0.22738095238095238 0.07 0.047619047619047616 0.075
0 0.17023809523809524 0.02 0.05357142857142857 0.03833333333333333