0 0.20714285714285716 0.925 0.07023809523809524 0.1
0 0.07738095238095238 0.6533333333333333 0.06785714285714285 0.08333333333333333
0 0.1630952380952381 0.585 0.07261904761904762 0.105
0 0.2916666666666667 0.21833333333333332 0.03571428571428571 0.056666666666666664
0 0.20357142857142857 0.305 0.05476190476190476 0.06333333333333334
0 0.30357142857142855 0.3466666666666667 0.05476190476190476 0.06
0 0.2369047619047619 0.41333333333333333 0.04642857142857143 0.06
0 0.2654761904761905 0.4866666666666667 0.06428571428571428 0.09
0 0.2869047619047619 0.43333333333333335 0.04880952380952381 0.08166666666666667
0 0.42023809523809524 0.5283333333333333 0.04880952380952381 0.08333333333333333
0 0.23809523809523808 0.6133333333333333 0.05119047619047619 0.08333333333333333
0 0.29404761904761906 0.6916666666666667 0.07261904761904762 0.09333333333333334
0 0.4357142857142857 0.41333333333333333 0.04047619047619048 0.058333333333333334
0 0.513095238095238 0.44166666666666665 0.047619047619047616 0.07333333333333333
0 0.5738095238095238 0.5183333333333333 0.05238095238095238 0.07166666666666667
0 0.6297619047619047 0.5333333333333333 0.04285714285714286 0.07
0 0.5 0.365 0.0380952380952381 0.051666666666666666
0 0.5892857142857143 0.27166666666666667 0.04285714285714286 0.07
0 0.6928571428571428 0.23666666666666666 0.04047619047619048 0.051666666666666666
0 0.8535714285714285 0.7 0.075 0.08166666666666667
0 0.7488095238095238 0.8683333333333333 0.055952380952380955 0.07833333333333334
0 0.7607142857142857 0.4816666666666667 0.04523809523809524 0.065
0 0.8011904761904762 0.5033333333333333 0.060714285714285714 0.07333333333333333
0 0.844047619047619 0.4683333333333333 0.05119047619047619 0.075
0 0.8130952380952381 0.055 0.036904761904761905 0.055
0 0.969047619047619 0.18 0.03571428571428571 0.045
0 0.955952380952381 0.09666666666666666 0.039285714285714285 0.056666666666666664
0 0.9845238095238096 0.09 0.030952380952380953 0.06
0 0.7928571428571428 0.7283333333333334 0.07738095238095238 0.08666666666666667
0 0.45595238095238094 0.37333333333333335 0.04047619047619048 0.04833333333333333