0 0.9452380952380952 0.21333333333333335 0.0988095238095238 0.075
0 0.655952380952381 0.13833333333333334 0.030952380952380953 0.04
1 0.5630952380952381 0.59 0.07142857142857142 0.11
0 0.9428571428571428 0.6866666666666666 0.06547619047619048 0.07
0 0.9178571428571428 0.5383333333333333 0.06666666666666667 0.07666666666666666
0 0.7571428571428571 0.14 0.0630952380952381 0.10833333333333334
0 0.7642857142857142 0.5866666666666667 0.07857142857142857 0.11333333333333333
0 0.7726190476190476 0.6916666666666667 0.05714285714285714 0.07666666666666666
0 0.6678571428571428 0.6033333333333334 0.17023809523809524 0.16833333333333333
0 0.8273809523809523 0.6383333333333333 0.07023809523809524 0.09
0 0.7773809523809524 0.285 0.1357142857142857 0.155
0 0.6523809523809524 0.7033333333333334 0.15 0.17333333333333334
0 0.6238095238095238 0.8066666666666666 0.11666666666666667 0.14
0 0.225 0.5516666666666666 0.18095238095238095 0.235
0 0.844047619047619 0.13666666666666666 0.15 0.18666666666666668
1 0.08095238095238096 0.475 0.1619047619047619 0.20666666666666667
0 0.4 0.585 0.18928571428571428 0.25666666666666665
0 0.5333333333333333 0.4083333333333333 0.039285714285714285 0.06