0 0.025 0.43 0.0380952380952381 0.056666666666666664
0 0.03571428571428571 0.7216666666666667 0.06190476190476191 0.08166666666666667
0 0.10238095238095238 0.7233333333333334 0.06547619047619048 0.085
0 0.25357142857142856 0.4583333333333333 0.08571428571428572 0.11333333333333333
0 0.4357142857142857 0.26666666666666666 0.036904761904761905 0.055
0 0.5404761904761904 0.31666666666666665 0.04523809523809524 0.06
0 0.4726190476190476 0.345 0.039285714285714285 0.05333333333333334
0 0.5702380952380952 0.3883333333333333 0.04880952380952381 0.05333333333333334
0 0.611904761904762 0.4116666666666667 0.02857142857142857 0.04833333333333333
0 0.6238095238095238 0.74 0.06666666666666667 0.08
0 0.6619047619047619 0.6583333333333333 0.05952380952380952 0.08833333333333333
0 0.8226190476190476 0.59 0.047619047619047616 0.051666666666666666
0 0.9607142857142857 0.49166666666666664 0.04047619047619048 0.04833333333333333
0 0.7952380952380952 0.5516666666666666 0.02738095238095238 0.04833333333333333
0 0.8428571428571429 0.545 0.03214285714285714 0.03666666666666667
0 0.7559523809523809 0.52 0.025 0.035
0 0.7976190476190477 0.30333333333333334 0.04880952380952381 0.065
0 0.7452380952380953 0.4033333333333333 0.034523809523809526 0.045
0 0.6583333333333333 0.4 0.039285714285714285 0.056666666666666664