1 0.805952380952381 0.3466666666666667 0.06190476190476191 0.085
1 0.02142857142857143 0.37666666666666665 0.04285714285714286 0.09333333333333334
1 0.8940476190476191 0.5033333333333333 0.05476190476190476 0.085
1 0.015476190476190477 0.16833333333333333 0.02976190476190476 0.06333333333333334
0 0.6595238095238095 0.8483333333333334 0.07023809523809524 0.10666666666666667
1 0.10714285714285714 0.135 0.04047619047619048 0.05
1 0.06190476190476191 0.15333333333333332 0.05476190476190476 0.07333333333333333
1 0.8452380952380952 0.5783333333333334 0.07857142857142857 0.12666666666666668
0 0.11547619047619048 0.48833333333333334 0.04880952380952381 0.09
1 0.2119047619047619 0.49666666666666665 0.05714285714285714 0.095
0 0.2630952380952381 0.14333333333333334 0.05238095238095238 0.07666666666666666
1 0.1630952380952381 0.49666666666666665 0.07380952380952381 0.08833333333333333
1 0.9119047619047619 0.265 0.0761904761904762 0.095
1 0.4369047619047619 0.2966666666666667 0.1 0.12833333333333333
1 0.34523809523809523 0.22 0.11666666666666667 0.13833333333333334
1 0.07380952380952381 0.38666666666666666 0.09761904761904762 0.10333333333333333
1 0.7595238095238095 0.7566666666666667 0.16666666666666666 0.18666666666666668
1 0.6857142857142857 0.37 0.1 0.13333333333333333
1 0.375 0.5883333333333334 0.1380952380952381 0.18
1 0.7440476190476191 0.275 0.08214285714285714 0.10666666666666667
1 0.7869047619047619 0.5616666666666666 0.11071428571428571 0.14166666666666666
0 0.41904761904761906 0.7683333333333333 0.14047619047619048 0.17666666666666667
1 0.5726190476190476 0.875 0.14166666666666666 0.19
1 0.8523809523809524 0.32166666666666666 0.0630952380952381 0.09833333333333333
1 0.7654761904761904 0.645 0.08214285714285714 0.056666666666666664
1 0.875 0.5366666666666666 0.05952380952380952 0.07833333333333334
1 0.2571428571428571 0.02 0.05357142857142857 0.04
1 0.4166666666666667 0.011666666666666667 0.03333333333333333 0.018333333333333333
1 0.594047619047619 0.07666666666666666 0.02857142857142857 0.03333333333333333
1 0.5833333333333334 0.12333333333333334 0.03571428571428571 0.03333333333333333
0 0.49166666666666664 0.10666666666666667 0.04880952380952381 0.056666666666666664