0 0.9892857142857143 0.10833333333333334 0.02142857142857143 0.10833333333333334
0 0.1619047619047619 0.2683333333333333 0.03333333333333333 0.03166666666666667
0 0.3523809523809524 0.27166666666666667 0.047619047619047616 0.06833333333333333
0 0.55 0.5683333333333334 0.047619047619047616 0.051666666666666666
0 0.025 0.07666666666666666 0.03571428571428571 0.06666666666666667
0 0.29285714285714287 0.43333333333333335 0.060714285714285714 0.055
0 0.055952380952380955 0.023333333333333334 0.07023809523809524 0.04666666666666667
0 0.34285714285714286 0.38 0.04404761904761905 0.06
0 0.6833333333333333 0.075 0.05476190476190476 0.058333333333333334
0 0.5904761904761905 0.6283333333333333 0.06785714285714285 0.056666666666666664
0 0.36428571428571427 0.585 0.05952380952380952 0.07833333333333334
0 0.16785714285714284 0.31166666666666665 0.03214285714285714 0.051666666666666666
0 0.5535714285714286 0.39666666666666667 0.02976190476190476 0.05
0 0.6035714285714285 0.12666666666666668 0.03571428571428571 0.05
1 0.23809523809523808 0.245 0.04880952380952381 0.055
1 0.275 0.18 0.04047619047619048 0.056666666666666664
0 0.4785714285714286 0.38 0.06785714285714285 0.09333333333333334
0 0.6166666666666667 0.7383333333333333 0.0988095238095238 0.11833333333333333
0 0.7178571428571429 0.685 0.08333333333333333 0.105
0 0.1880952380952381 0.37333333333333335 0.04642857142857143 0.051666666666666666
0 0.3607142857142857 0.03333333333333333 0.05952380952380952 0.06333333333333334
0 0.3607142857142857 0.34 0.05238095238095238 0.08166666666666667
0 0.6238095238095238 0.425 0.04642857142857143 0.055
0 0.7464285714285714 0.04666666666666667 0.09404761904761905 0.09333333333333334
1 0.15357142857142858 0.21 0.06547619047619048 0.08333333333333333
0 0.40595238095238095 0.375 0.075 0.10833333333333334
0 0.21785714285714286 0.023333333333333334 0.06904761904761905 0.04666666666666667
0 0.19047619047619047 0.49833333333333335 0.05476190476190476 0.058333333333333334
0 0.6535714285714286 0.5533333333333333 0.12380952380952381 0.12
1 0.5511904761904762 0.4816666666666667 0.10952380952380952 0.13666666666666666
0 0.12023809523809524 0.31166666666666665 0.05476190476190476 0.06333333333333334
0 0.3238095238095238 0.09333333333333334 0.07261904761904762 0.095
0 0.6130952380952381 0.8566666666666667 0.10833333333333334 0.15833333333333333
0 0.29285714285714287 0.255 0.07261904761904762 0.08333333333333333
0 0.1738095238095238 0.44333333333333336 0.04642857142857143 0.051666666666666666
0 0.669047619047619 0.37333333333333335 0.04285714285714286 0.07166666666666667
0 0.7238095238095238 0.8166666666666667 0.11904761904761904 0.16166666666666665
1 0.20595238095238094 0.31333333333333335 0.060714285714285714 0.075
0 0.7130952380952381 0.19666666666666666 0.10238095238095238 0.12666666666666668
0 0.7726190476190476 0.29333333333333333 0.12976190476190477 0.145
1 0.5178571428571429 0.8983333333333333 0.12857142857142856 0.17833333333333334
0 0.6083333333333333 0.355 0.05119047619047619 0.09333333333333334
0 0.8726190476190476 0.19666666666666666 0.16071428571428573 0.17666666666666667
0 0.29404761904761906 0.5933333333333334 0.07857142857142857 0.1