0 0.05952380952380952 0.195 0.06547619047619048 0.085
0 0.08095238095238096 0.24 0.04880952380952381 0.06166666666666667
0 0.18095238095238095 0.21666666666666667 0.06190476190476191 0.09166666666666666
0 0.1357142857142857 0.21666666666666667 0.041666666666666664 0.06833333333333333
0 0.25952380952380955 0.285 0.05119047619047619 0.06333333333333334
0 0.3273809523809524 0.31 0.05476190476190476 0.06833333333333333
0 0.4797619047619048 0.5416666666666666 0.07857142857142857 0.13333333333333333
0 0.5797619047619048 0.455 0.075 0.11333333333333333
0 0.555952380952381 0.555 0.07261904761904762 0.09
0 0.5607142857142857 0.5833333333333334 0.06190476190476191 0.09333333333333334
0 0.7845238095238095 0.13666666666666666 0.05238095238095238 0.06333333333333334
0 0.7476190476190476 0.825 0.07976190476190476 0.10666666666666667
0 0.75 0.93 0.047619047619047616 0.065
0 0.8023809523809524 0.9466666666666667 0.06904761904761905 0.075
0 0.7309523809523809 0.16333333333333333 0.03214285714285714 0.041666666666666664