1 0.1 0.645 0.05952380952380952 0.043333333333333335
1 0.5630952380952381 0.8066666666666666 0.04404761904761905 0.06333333333333334
0 0.009523809523809525 0.33166666666666667 0.017857142857142856 0.12666666666666668
0 0.905952380952381 0.945 0.13452380952380952 0.11
0 0.14285714285714285 0.6016666666666667 0.06428571428571428 0.075
0 0.49642857142857144 0.15666666666666668 0.0380952380952381 0.07166666666666667
0 0.15833333333333333 0.09166666666666666 0.058333333333333334 0.08833333333333333
0 0.14047619047619048 0.20666666666666667 0.04880952380952381 0.04666666666666667
1 0.22738095238095238 0.03166666666666667 0.09047619047619047 0.06
1 0.2976190476190476 0.02 0.06428571428571428 0.03833333333333333
0 0.29285714285714287 0.8466666666666667 0.10119047619047619 0.12833333333333333
0 0.26785714285714285 0.95 0.13214285714285715 0.1
0 0.2226190476190476 0.57 0.058333333333333334 0.08
0 0.5 0.7416666666666667 0.07023809523809524 0.095
0 0.625 0.8083333333333333 0.07738095238095238 0.09833333333333333
0 0.0380952380952381 0.04666666666666667 0.075 0.09333333333333334
1 0.1988095238095238 0.12833333333333333 0.07380952380952381 0.08666666666666667
0 0.6928571428571428 0.7483333333333333 0.08214285714285714 0.10333333333333333
0 0.8023809523809524 0.8083333333333333 0.09642857142857143 0.15666666666666668
1 0.8297619047619048 0.36 0.09642857142857143 0.115
1 0.7297619047619047 0.555 0.09761904761904762 0.12833333333333333
0 0.10238095238095238 0.043333333333333335 0.06904761904761905 0.085
0 0.3964285714285714 0.17666666666666667 0.10833333333333334 0.12833333333333333
0 0.7333333333333333 0.36666666666666664 0.09404761904761905 0.11666666666666667
1 0.21428571428571427 0.7566666666666667 0.125 0.17333333333333334
0 0.8869047619047619 0.76 0.10714285714285714 0.12
0 0.42142857142857143 0.9266666666666666 0.14761904761904762 0.14666666666666667
1 0.4797619047619048 0.06666666666666667 0.14166666666666666 0.13166666666666665
1 0.6130952380952381 0.16333333333333333 0.14404761904761904 0.19
1 0.4107142857142857 0.305 0.13333333333333333 0.17166666666666666
0 0.275 0.6333333333333333 0.075 0.10833333333333334
0 0.3761904761904762 0.755 0.06904761904761905 0.11333333333333333