0 0.9857142857142858 0.9716666666666667 0.02738095238095238 0.05333333333333334
0 0.475 0.09833333333333333 0.03571428571428571 0.051666666666666666
1 0.4654761904761905 0.14166666666666666 0.0380952380952381 0.04833333333333333
0 0.16428571428571428 0.5233333333333333 0.05238095238095238 0.056666666666666664
1 0.986904761904762 0.6583333333333333 0.025 0.11166666666666666
1 0.016666666666666666 0.64 0.03333333333333333 0.12833333333333333
1 0.5261904761904762 0.06833333333333333 0.05357142857142857 0.08333333333333333
0 0.7785714285714286 0.22166666666666668 0.030952380952380953 0.041666666666666664
0 0.19047619047619047 0.14 0.03571428571428571 0.04833333333333333
0 0.42023809523809524 0.11333333333333333 0.05357142857142857 0.065
1 0.1880952380952381 0.7183333333333334 0.06190476190476191 0.10666666666666667
0 0.6095238095238096 0.025 0.03571428571428571 0.04833333333333333
0 0.14047619047619048 0.06833333333333333 0.060714285714285714 0.07166666666666667
1 0.5035714285714286 0.5216666666666666 0.055952380952380955 0.08833333333333333
1 0.6488095238095238 0.041666666666666664 0.05357142857142857 0.06833333333333333
1 0.8392857142857143 0.8316666666666667 0.05238095238095238 0.065
1 0.8797619047619047 0.77 0.0630952380952381 0.07333333333333333
1 0.047619047619047616 0.5833333333333334 0.09404761904761905 0.125
1 0.8345238095238096 0.6683333333333333 0.0880952380952381 0.11
1 0.5821428571428572 0.7866666666666666 0.07976190476190476 0.11333333333333333
1 0.5369047619047619 0.6716666666666666 0.10952380952380952 0.14333333333333334
1 0.794047619047619 0.7866666666666666 0.08452380952380953 0.10166666666666667
1 0.4976190476190476 0.02 0.03333333333333333 0.03666666666666667
1 0.9773809523809524 0.6183333333333333 0.04523809523809524 0.09
1 0.7119047619047619 0.63 0.047619047619047616 0.10333333333333333
1 0.6047619047619047 0.6283333333333333 0.06190476190476191 0.07333333333333333
1 0.4261904761904762 0.41333333333333333 0.036904761904761905 0.07333333333333333