0 0.4142857142857143 0.735 0.06666666666666667 0.1
0 0.6571428571428571 0.815 0.10476190476190476 0.15666666666666668
0 0.7619047619047619 0.8033333333333333 0.10833333333333334 0.16166666666666665
0 0.4630952380952381 0.725 0.07857142857142857 0.11666666666666667
0 0.29642857142857143 0.6366666666666667 0.07857142857142857 0.11666666666666667
0 0.15595238095238095 0.535 0.05952380952380952 0.08833333333333333
0 0.23333333333333334 0.4816666666666667 0.06190476190476191 0.09333333333333334
0 0.16666666666666666 0.3233333333333333 0.0869047619047619 0.13
0 0.2261904761904762 0.37333333333333335 0.09404761904761905 0.14
0 0.2845238095238095 0.34833333333333333 0.04047619047619048 0.06166666666666667
0 0.8547619047619047 0.245 0.08214285714285714 0.12333333333333334
0 0.2773809523809524 0.25166666666666665 0.075 0.11333333333333333
0 0.4869047619047619 0.3383333333333333 0.07023809523809524 0.09166666666666666
0 0.9833333333333333 0.23166666666666666 0.03214285714285714 0.09166666666666666
0 0.2904761904761905 0.7083333333333334 0.0630952380952381 0.09