1 0.9178571428571428 0.25666666666666665 0.09047619047619047 0.11166666666666666
0 0.6678571428571428 0.72 0.08095238095238096 0.10166666666666667
1 0.2976190476190476 0.03 0.08095238095238096 0.06
0 0.20952380952380953 0.07 0.09404761904761905 0.08833333333333333
1 0.8821428571428571 0.49333333333333335 0.11071428571428571 0.10833333333333334
1 0.18214285714285713 0.2833333333333333 0.07023809523809524 0.08
0 0.4988095238095238 0.15333333333333332 0.07857142857142857 0.105
0 0.2130952380952381 0.7583333333333333 0.058333333333333334 0.1
1 0.42142857142857143 0.115 0.075 0.06833333333333333
0 0.9130952380952381 0.16 0.05714285714285714 0.07666666666666666
1 0.30952380952380953 0.72 0.07738095238095238 0.08666666666666667
1 0.7166666666666667 0.8633333333333333 0.10952380952380952 0.17
0 0.0380952380952381 0.935 0.07380952380952381 0.12333333333333334
0 0.9726190476190476 0.10833333333333334 0.047619047619047616 0.07
1 0.6464285714285715 0.7966666666666666 0.1 0.15
0 0.8345238095238096 0.19166666666666668 0.04523809523809524 0.06666666666666667
0 0.8464285714285714 0.018333333333333333 0.06904761904761905 0.03666666666666667
1 0.20714285714285716 0.17333333333333334 0.05952380952380952 0.06833333333333333
1 0.12142857142857143 0.07333333333333333 0.07142857142857142 0.08166666666666667
1 0.4011904761904762 0.7183333333333334 0.09404761904761905 0.115
0 0.7488095238095238 0.5216666666666666 0.15714285714285714 0.18333333333333332
1 0.5488095238095239 0.8766666666666667 0.07738095238095238 0.13166666666666665
0 0.16904761904761906 0.685 0.10714285714285714 0.13
1 0.4238095238095238 0.8283333333333334 0.09761904761904762 0.14
0 0.3345238095238095 0.12 0.11428571428571428 0.14666666666666667
1 0.23333333333333334 0.8633333333333333 0.09166666666666666 0.12333333333333334
1 0.32261904761904764 0.825 0.12380952380952381 0.17333333333333334
1 0.8833333333333333 0.635 0.13333333333333333 0.16333333333333333
1 0.8416666666666667 0.42 0.16071428571428573 0.21166666666666667
0 0.09761904761904762 0.5883333333333334 0.14404761904761904 0.17833333333333334