0 0.039285714285714285 0.9633333333333334 0.07857142857142857 0.07166666666666667
0 0.6261904761904762 0.3566666666666667 0.10238095238095238 0.06166666666666667
0 0.17023809523809524 0.22833333333333333 0.2761904761904762 0.21666666666666667
0 0.2869047619047619 0.22166666666666668 0.17261904761904762 0.13
0 0.4392857142857143 0.9233333333333333 0.18571428571428572 0.11666666666666667
0 0.4726190476190476 0.7966666666666666 0.19047619047619047 0.135
0 0.5904761904761905 0.5266666666666666 0.2642857142857143 0.18166666666666667
0 0.7880952380952381 0.5016666666666667 0.1595238095238095 0.12333333333333334
0 0.7261904761904762 0.275 0.1619047619047619 0.13333333333333333
0 0.30714285714285716 0.8266666666666667 0.175 0.165
0 0.49404761904761907 0.6166666666666667 0.2726190476190476 0.20833333333333334
0 0.5488095238095239 0.7266666666666667 0.22857142857142856 0.125
0 0.569047619047619 0.22 0.2154761904761905 0.17666666666666667
0 0.42857142857142855 0.10666666666666667 0.23095238095238096 0.18666666666666668