0 0.36428571428571427 0.245 0.047619047619047616 0.07333333333333333
0 0.4107142857142857 0.265 0.05476190476190476 0.07
0 0.44761904761904764 0.21333333333333335 0.05119047619047619 0.07333333333333333
0 0.5357142857142857 0.21833333333333332 0.06904761904761905 0.08666666666666667
0 0.6547619047619048 0.33166666666666667 0.05238095238095238 0.07166666666666667
0 0.6273809523809524 0.43666666666666665 0.0630952380952381 0.08
0 0.5904761904761905 0.365 0.04047619047619048 0.07666666666666666
0 0.5702380952380952 0.4033333333333333 0.04285714285714286 0.07
0 0.26904761904761904 0.5 0.055952380952380955 0.08
0 0.3595238095238095 0.925 0.10238095238095238 0.12
0 0.5547619047619048 0.7183333333333334 0.05714285714285714 0.08166666666666667
0 0.2904761904761905 0.5816666666666667 0.05238095238095238 0.07333333333333333
0 0.11071428571428571 0.56 0.04047619047619048 0.06