0 0.14047619047619048 0.16333333333333333 0.04404761904761905 0.065
0 0.2523809523809524 0.17166666666666666 0.036904761904761905 0.07333333333333333
0 0.4238095238095238 0.2816666666666667 0.0380952380952381 0.045
0 0.7797619047619048 0.07 0.03571428571428571 0.045
0 0.8226190476190476 0.04 0.03333333333333333 0.05333333333333334
0 0.819047619047619 0.08666666666666667 0.025 0.03166666666666667
0 0.8892857142857142 0.03166666666666667 0.02023809523809524 0.03166666666666667
0 0.8464285714285714 0.36 0.034523809523809526 0.055
0 0.9452380952380952 0.49166666666666664 0.05357142857142857 0.07666666666666666
0 0.6273809523809524 0.8483333333333334 0.04404761904761905 0.07166666666666667
0 0.580952380952381 0.79 0.05119047619047619 0.08
0 0.42738095238095236 0.4816666666666667 0.047619047619047616 0.07
0 0.37142857142857144 0.6066666666666667 0.036904761904761905 0.06666666666666667
0 0.3630952380952381 0.715 0.03571428571428571 0.06666666666666667
0 0.36428571428571427 0.7483333333333333 0.03214285714285714 0.03333333333333333
0 0.319047619047619 0.7283333333333334 0.04642857142857143 0.075
0 0.23809523809523808 0.745 0.04642857142857143 0.07666666666666666
0 0.18333333333333332 0.7883333333333333 0.04285714285714286 0.06166666666666667
0 0.22738095238095238 0.86 0.05119047619047619 0.08
0 0.1880952380952381 0.6033333333333334 0.04404761904761905 0.055
0 0.14404761904761904 0.5133333333333333 0.036904761904761905 0.06
0 0.08333333333333333 0.43833333333333335 0.05119047619047619 0.08
0 0.10238095238095238 0.305 0.05238095238095238 0.085
0 0.058333333333333334 0.35 0.05357142857142857 0.08833333333333333