1 0.2833333333333333 0.2733333333333333 0.07857142857142857 0.06166666666666667
1 0.9214285714285714 0.5 0.05476190476190476 0.07166666666666667
1 0.5452380952380952 0.215 0.08333333333333333 0.11833333333333333
1 0.7178571428571429 0.225 0.047619047619047616 0.06833333333333333
1 0.8690476190476191 0.485 0.09642857142857143 0.11333333333333333
0 0.42023809523809524 0.15 0.06428571428571428 0.08166666666666667
1 0.6738095238095239 0.315 0.07023809523809524 0.095
0 0.5773809523809523 0.06666666666666667 0.08214285714285714 0.1
1 0.9083333333333333 0.31666666666666665 0.08214285714285714 0.095
1 0.780952380952381 0.35833333333333334 0.06785714285714285 0.08833333333333333
1 0.6369047619047619 0.22166666666666668 0.08571428571428572 0.125
0 0.4023809523809524 0.44666666666666666 0.1488095238095238 0.21166666666666667
1 0.24761904761904763 0.4816666666666667 0.19642857142857142 0.25833333333333336
1 0.39404761904761904 0.8216666666666667 0.22023809523809523 0.34
1 0.5488095238095239 0.51 0.2 0.285
0 0.37023809523809526 0.17666666666666667 0.06547619047619048 0.08666666666666667