0 0.5238095238095238 0.02666666666666667 0.06666666666666667 0.05333333333333334
0 0.1595238095238095 0.08166666666666667 0.05238095238095238 0.056666666666666664
1 0.36666666666666664 0.016666666666666666 0.0380952380952381 0.03166666666666667
1 0.4488095238095238 0.07166666666666667 0.02976190476190476 0.055
0 0.10238095238095238 0.44666666666666666 0.036904761904761905 0.08
0 0.9845238095238096 0.24833333333333332 0.02976190476190476 0.08833333333333333
1 0.30238095238095236 0.018333333333333333 0.034523809523809526 0.03666666666666667
1 0.6059523809523809 0.03 0.10476190476190476 0.058333333333333334
1 0.7845238095238095 0.10333333333333333 0.06190476190476191 0.09666666666666666
0 0.32857142857142857 0.9633333333333334 0.13452380952380952 0.07166666666666667
0 0.9428571428571428 0.2866666666666667 0.04642857142857143 0.07666666666666666
1 0.5011904761904762 0.40166666666666667 0.14404761904761904 0.19666666666666666
1 0.2392857142857143 0.6333333333333333 0.08571428571428572 0.105
1 0.7523809523809524 0.17166666666666666 0.07142857142857142 0.095
1 0.725 0.07166666666666667 0.07857142857142857 0.11
0 0.7357142857142858 0.5933333333333334 0.06904761904761905 0.09666666666666666
0 0.3404761904761905 0.09 0.1 0.12166666666666667
0 0.8119047619047619 0.955 0.09166666666666666 0.08666666666666667
0 0.8238095238095238 0.7216666666666667 0.07857142857142857 0.10833333333333334
1 0.9809523809523809 0.34 0.036904761904761905 0.09
1 0.38333333333333336 0.57 0.07976190476190476 0.11166666666666666
1 0.2904761904761905 0.4633333333333333 0.17023809523809524 0.23833333333333334
1 0.20714285714285716 0.4083333333333333 0.175 0.25
1 0.22142857142857142 0.9183333333333333 0.14166666666666666 0.15166666666666667
0 0.5666666666666667 0.21333333333333335 0.11071428571428571 0.15666666666666668
0 0.12142857142857143 0.845 0.1738095238095238 0.24166666666666667
0 0.4869047619047619 0.615 0.14642857142857144 0.23666666666666666
1 0.6142857142857143 0.3466666666666667 0.125 0.17833333333333334
1 0.0869047619047619 0.25 0.1738095238095238 0.2733333333333333
0 0.6285714285714286 0.6133333333333333 0.16428571428571428 0.23833333333333334
1 0.7416666666666667 0.6716666666666666 0.0761904761904762 0.07333333333333333
1 0.35833333333333334 0.6633333333333333 0.05 0.06666666666666667
1 0.861904761904762 0.6566666666666666 0.06666666666666667 0.09
1 0.8928571428571429 0.4666666666666667 0.0761904761904762 0.11833333333333333
1 0.47023809523809523 0.20666666666666667 0.05952380952380952 0.05
1 0.1880952380952381 0.7466666666666667 0.05238095238095238 0.035