0 0.5214285714285715 0.455 0.05714285714285714 0.075
0 0.6178571428571429 0.5666666666666667 0.05952380952380952 0.095
1 0.694047619047619 0.5833333333333334 0.11428571428571428 0.12833333333333333
0 0.3273809523809524 0.7483333333333333 0.15833333333333333 0.245
1 0.5202380952380953 0.665 0.13690476190476192 0.135
1 0.763095238095238 0.705 0.11190476190476191 0.15666666666666668
1 0.4773809523809524 0.06166666666666667 0.13214285714285715 0.12166666666666667
1 0.42023809523809524 0.17833333333333334 0.11547619047619048 0.14666666666666667
1 0.6821428571428572 0.87 0.22738095238095238 0.25833333333333336
0 0.4369047619047619 0.53 0.1630952380952381 0.20333333333333334
0 0.4595238095238095 0.84 0.20357142857142857 0.30666666666666664
1 0.7238095238095238 0.465 0.07023809523809524 0.09833333333333333