1 0.6083333333333333 0.4266666666666667 0.08571428571428572 0.09666666666666666
1 0.513095238095238 0.7783333333333333 0.08928571428571429 0.11166666666666666
0 0.37976190476190474 0.5383333333333333 0.14761904761904762 0.12666666666666668
1 0.8714285714285714 0.37833333333333335 0.07738095238095238 0.14
1 0.9428571428571428 0.04833333333333333 0.11190476190476191 0.09666666666666666
0 0.5928571428571429 0.6683333333333333 0.0869047619047619 0.10666666666666667
0 0.8011904761904762 0.9216666666666666 0.11666666666666667 0.15333333333333332
1 0.35119047619047616 0.6733333333333333 0.16071428571428573 0.21666666666666667
0 0.4154761904761905 0.8783333333333333 0.13214285714285715 0.175
1 0.49047619047619045 0.44666666666666666 0.16071428571428573 0.21833333333333332
0 0.7083333333333334 0.805 0.14523809523809525 0.19333333333333333
1 0.5369047619047619 0.16666666666666666 0.2011904761904762 0.28833333333333333
1 0.6773809523809524 0.20166666666666666 0.07142857142857142 0.09333333333333334
0 0.25476190476190474 0.9516666666666667 0.11190476190476191 0.07666666666666666