0 0.30952380952380953 0.5733333333333334 0.11428571428571428 0.11833333333333333
1 0.6285714285714286 0.5183333333333333 0.08928571428571429 0.06666666666666667
0 0.5416666666666666 0.455 0.05952380952380952 0.095
0 0.7392857142857143 0.4083333333333333 0.12261904761904761 0.14
0 0.8488095238095238 0.68 0.1523809523809524 0.18666666666666668
0 0.7666666666666667 0.6083333333333333 0.13690476190476192 0.195
0 0.12023809523809524 0.22166666666666668 0.22976190476190475 0.27
0 0.8785714285714286 0.25666666666666665 0.1380952380952381 0.14333333333333334
0 0.9297619047619048 0.5183333333333333 0.14047619047619048 0.16333333333333333
0 0.18095238095238095 0.4816666666666667 0.22142857142857142 0.245
0 0.3761904761904762 0.43666666666666665 0.18095238095238095 0.22
0 0.46190476190476193 0.635 0.16666666666666666 0.22
0 0.41309523809523807 0.23833333333333334 0.18928571428571428 0.22333333333333333
0 0.6428571428571429 0.6866666666666666 0.20238095238095238 0.25666666666666665