1 0.7011904761904761 0.44166666666666665 0.04642857142857143 0.06333333333333334
0 0.8571428571428571 0.8016666666666666 0.07142857142857142 0.065
0 0.039285714285714285 0.7783333333333333 0.04285714285714286 0.051666666666666666
1 0.9702380952380952 0.8633333333333333 0.05952380952380952 0.09666666666666666
1 0.7083333333333334 0.36 0.05476190476190476 0.07166666666666667
0 0.861904761904762 0.43 0.06428571428571428 0.08
0 0.6523809523809524 0.3433333333333333 0.04404761904761905 0.06166666666666667
0 0.16904761904761906 0.45666666666666667 0.03571428571428571 0.05333333333333334
1 0.1630952380952381 0.39 0.08095238095238096 0.08666666666666667
1 0.8261904761904761 0.73 0.05714285714285714 0.07333333333333333
0 0.8928571428571429 0.55 0.07023809523809524 0.09
1 0.3738095238095238 0.39 0.07380952380952381 0.09333333333333334
1 0.425 0.3283333333333333 0.05952380952380952 0.07333333333333333
1 0.7619047619047619 0.22833333333333333 0.05119047619047619 0.07833333333333334
0 0.8916666666666667 0.8766666666666667 0.0869047619047619 0.12
1 0.48333333333333334 0.39 0.08095238095238096 0.10166666666666667
1 0.9535714285714286 0.30333333333333334 0.08928571428571429 0.105
0 0.9523809523809523 0.9483333333333334 0.09047619047619047 0.10333333333333333
1 0.7511904761904762 0.6233333333333333 0.13452380952380952 0.17666666666666667
0 0.655952380952381 0.275 0.047619047619047616 0.06333333333333334
1 0.6392857142857142 0.39666666666666667 0.05476190476190476 0.07333333333333333
1 0.9773809523809524 0.5566666666666666 0.03571428571428571 0.10666666666666667
1 0.2714285714285714 0.3416666666666667 0.05714285714285714 0.06333333333333334
1 0.08214285714285714 0.19666666666666666 0.034523809523809526 0.056666666666666664