0 0.15 0.965 0.13690476190476192 0.07
0 0.9380952380952381 0.44166666666666665 0.05238095238095238 0.058333333333333334
1 0.8797619047619047 0.38666666666666666 0.08333333333333333 0.09666666666666666
0 0.7690476190476191 0.67 0.14047619047619048 0.21333333333333335
0 0.9880952380952381 0.03 0.02261904761904762 0.06
0 0.9178571428571428 0.5116666666666667 0.07976190476190476 0.08666666666666667
0 0.041666666666666664 0.07833333333333334 0.05952380952380952 0.09166666666666666
1 0.4035714285714286 0.25 0.10238095238095238 0.09333333333333334
0 0.8178571428571428 0.5466666666666666 0.07261904761904762 0.07333333333333333
1 0.15714285714285714 0.9 0.08214285714285714 0.105
1 0.5880952380952381 0.6966666666666667 0.06904761904761905 0.10666666666666667
1 0.6773809523809524 0.028333333333333332 0.07738095238095238 0.055
1 0.9178571428571428 0.7233333333333334 0.16428571428571428 0.2
1 0.5333333333333333 0.205 0.08452380952380953 0.11833333333333333
1 0.49523809523809526 0.09666666666666666 0.09285714285714286 0.09333333333333334
1 0.05238095238095238 0.7216666666666667 0.06547619047619048 0.08333333333333333
1 0.7726190476190476 0.023333333333333334 0.09404761904761905 0.04666666666666667
1 0.4726190476190476 0.6116666666666667 0.08452380952380953 0.10833333333333334
1 0.2511904761904762 0.745 0.14166666666666666 0.19166666666666668
1 0.42857142857142855 0.33 0.12023809523809524 0.15666666666666668
1 0.46904761904761905 0.16833333333333333 0.08571428571428572 0.12333333333333334
1 0.2357142857142857 0.34 0.09166666666666666 0.12
1 0.3345238095238095 0.38333333333333336 0.13095238095238096 0.19166666666666668
0 0.3619047619047619 0.8066666666666666 0.14761904761904762 0.19333333333333333
0 0.17261904761904762 0.5733333333333334 0.10238095238095238 0.12666666666666668
1 0.42023809523809524 0.18166666666666667 0.05119047619047619 0.06166666666666667