1 0.9821428571428571 0.8766666666666667 0.03333333333333333 0.045
0 0.5047619047619047 0.4533333333333333 0.02738095238095238 0.06333333333333334
0 0.2904761904761905 0.085 0.023809523809523808 0.03666666666666667
1 0.08452380952380953 0.6516666666666666 0.02261904761904762 0.045
0 0.22023809523809523 0.9033333333333333 0.04285714285714286 0.055
0 0.8916666666666667 0.9383333333333334 0.0761904761904762 0.12333333333333334
1 0.44285714285714284 0.08166666666666667 0.02857142857142857 0.03833333333333333
1 0.36666666666666664 0.18333333333333332 0.023809523809523808 0.03166666666666667
1 0.4630952380952381 0.12 0.03571428571428571 0.045
0 0.7142857142857143 0.2816666666666667 0.02738095238095238 0.035
0 0.5059523809523809 0.475 0.025 0.045
1 0.30238095238095236 0.1 0.02976190476190476 0.041666666666666664
0 0.3011904761904762 0.3883333333333333 0.03214285714285714 0.04
1 0.43333333333333335 0.03666666666666667 0.02261904761904762 0.03333333333333333
0 0.5011904761904762 0.435 0.02619047619047619 0.03833333333333333
1 0.2714285714285714 0.7266666666666667 0.05 0.051666666666666666
0 0.5476190476190477 0.4116666666666667 0.023809523809523808 0.03166666666666667
1 0.02738095238095238 0.9716666666666667 0.05357142857142857 0.055
1 0.39285714285714285 0.20666666666666667 0.02976190476190476 0.04
1 0.2857142857142857 0.04666666666666667 0.034523809523809526 0.041666666666666664
0 0.3273809523809524 0.105 0.02619047619047619 0.04
0 0.5619047619047619 0.47333333333333333 0.03333333333333333 0.05
1 0.02738095238095238 0.8083333333333333 0.05476190476190476 0.085
0 0.9845238095238096 0.8216666666666667 0.030952380952380953 0.085
1 0.29523809523809524 0.335 0.034523809523809526 0.05333333333333334
1 0.325 0.35833333333333334 0.02976190476190476 0.04833333333333333
1 0.4 0.16166666666666665 0.03214285714285714 0.045
1 0.4797619047619048 0.008333333333333333 0.02619047619047619 0.013333333333333334
0 0.8833333333333333 0.15666666666666668 0.034523809523809526 0.04
1 0.42142857142857143 0.22166666666666668 0.034523809523809526 0.04833333333333333
1 0.02976190476190476 0.7233333333333334 0.05952380952380952 0.12
1 0.5904761904761905 0.7416666666666667 0.0761904761904762 0.12666666666666668
1 0.04047619047619048 0.20833333333333334 0.039285714285714285 0.04666666666666667
0 0.12380952380952381 0.645 0.0761904761904762 0.08333333333333333
1 0.22857142857142856 0.58 0.06666666666666667 0.07666666666666666
0 0.9523809523809523 0.9433333333333334 0.09523809523809523 0.10666666666666667
1 0.03333333333333333 0.16166666666666665 0.04285714285714286 0.05333333333333334
1 0.13095238095238096 0.2733333333333333 0.05238095238095238 0.065
1 0.319047619047619 0.6733333333333333 0.08333333333333333 0.11833333333333333
1 0.5333333333333333 0.835 0.10238095238095238 0.12333333333333334
1 0.23214285714285715 0.6916666666666667 0.10238095238095238 0.13666666666666666
1 0.49404761904761907 0.725 0.08452380952380953 0.12
1 0.9166666666666666 0.03666666666666667 0.02976190476190476 0.03833333333333333
1 0.9642857142857143 0.39166666666666666 0.05952380952380952 0.051666666666666666