0 0.9357142857142857 0.9766666666666667 0.10119047619047619 0.04666666666666667
0 0.9857142857142858 0.9533333333333334 0.02738095238095238 0.09333333333333334
1 0.7702380952380953 0.09333333333333334 0.09047619047619047 0.12833333333333333
0 0.7214285714285714 0.97 0.0988095238095238 0.058333333333333334
0 0.9773809523809524 0.5016666666666667 0.04404761904761905 0.10833333333333334
1 0.6714285714285714 0.39166666666666666 0.06785714285714285 0.10333333333333333
1 0.45 0.3616666666666667 0.0761904761904762 0.08833333333333333
0 0.35714285714285715 0.6216666666666667 0.07023809523809524 0.07666666666666666
0 0.2630952380952381 0.42 0.10714285714285714 0.09833333333333333
0 0.5535714285714286 0.7433333333333333 0.0761904761904762 0.11333333333333333
1 0.7523809523809524 0.7333333333333333 0.12738095238095237 0.19666666666666666
1 0.8345238095238096 0.6416666666666667 0.10595238095238095 0.17
1 0.9035714285714286 0.895 0.07857142857142857 0.11166666666666666
0 0.4297619047619048 0.5483333333333333 0.0880952380952381 0.09666666666666666
0 0.27380952380952384 0.6916666666666667 0.10595238095238095 0.14
0 0.5023809523809524 0.6516666666666666 0.11071428571428571 0.14333333333333334
0 0.7523809523809524 0.5216666666666666 0.08333333333333333 0.12166666666666667
1 0.3607142857142857 0.36833333333333335 0.11666666666666667 0.15666666666666668
1 0.8761904761904762 0.505 0.11071428571428571 0.13333333333333333
0 0.2369047619047619 0.525 0.13095238095238096 0.17833333333333334
1 0.4119047619047619 0.17166666666666666 0.1488095238095238 0.20833333333333334
1 0.5178571428571429 0.185 0.07023809523809524 0.10333333333333333