1 0.8416666666666667 0.013333333333333334 0.04642857142857143 0.025
1 0.12976190476190477 0.385 0.10357142857142858 0.12166666666666667
1 0.7023809523809523 0.395 0.03571428571428571 0.04666666666666667
1 0.9523809523809523 0.13833333333333334 0.08333333333333333 0.105
0 0.013095238095238096 0.23666666666666666 0.025 0.08166666666666667
1 0.5357142857142857 0.23166666666666666 0.02976190476190476 0.043333333333333335
1 0.4154761904761905 0.8833333333333333 0.10476190476190476 0.07666666666666666
1 0.9214285714285714 0.205 0.08452380952380953 0.09166666666666666
0 0.6619047619047619 0.023333333333333334 0.058333333333333334 0.045
0 0.18095238095238095 0.07 0.05119047619047619 0.065
0 0.5738095238095238 0.285 0.055952380952380955 0.065
1 0.22380952380952382 0.295 0.08571428571428572 0.10333333333333333
1 0.2130952380952381 0.75 0.16904761904761906 0.16833333333333333
1 0.8571428571428571 0.10166666666666667 0.07857142857142857 0.08333333333333333
1 0.45476190476190476 0.03 0.05 0.05333333333333334
0 0.15833333333333333 0.5066666666666667 0.1 0.125
1 0.7011904761904761 0.08666666666666667 0.06428571428571428 0.105
0 0.05357142857142857 0.24 0.07261904761904762 0.08166666666666667
1 0.7345238095238096 0.33166666666666667 0.055952380952380955 0.07333333333333333
0 0.2773809523809524 0.09 0.05714285714285714 0.07
1 0.4 0.03666666666666667 0.06428571428571428 0.07166666666666667
0 0.9714285714285714 0.5583333333333333 0.05714285714285714 0.08166666666666667
0 0.49047619047619045 0.505 0.1357142857142857 0.16166666666666665
1 0.7571428571428571 0.07333333333333333 0.08095238095238096 0.10666666666666667
1 0.24642857142857144 0.44 0.11666666666666667 0.15166666666666667
1 0.6130952380952381 0.44333333333333336 0.1523809523809524 0.20666666666666667
1 0.475 0.62 0.13690476190476192 0.16833333333333333
0 0.8083333333333333 0.31833333333333336 0.10952380952380952 0.15
0 0.8988095238095238 0.30833333333333335 0.10833333333333334 0.125
1 0.5904761904761905 0.625 0.12023809523809524 0.15666666666666668
1 0.844047619047619 0.19166666666666668 0.047619047619047616 0.05333333333333334
0 0.2226190476190476 0.085 0.05238095238095238 0.07833333333333334
0 0.04047619047619048 0.11333333333333333 0.06190476190476191 0.06833333333333333
0 0.09642857142857143 0.09333333333333334 0.05476190476190476 0.08