0 0.20833333333333334 0.305 0.05476190476190476 0.07
0 0.11785714285714285 0.59 0.06785714285714285 0.09833333333333333
0 0.08333333333333333 0.7333333333333333 0.060714285714285714 0.065
0 0.055952380952380955 0.5666666666666667 0.0630952380952381 0.095
0 0.19166666666666668 0.4766666666666667 0.07142857142857142 0.09833333333333333
0 0.1761904761904762 0.5716666666666667 0.05238095238095238 0.08
0 0.24642857142857144 0.4583333333333333 0.05119047619047619 0.09333333333333334
0 0.30833333333333335 0.425 0.06785714285714285 0.085
0 0.35595238095238096 0.32 0.05119047619047619 0.065
0 0.7916666666666666 0.8233333333333334 0.09285714285714286 0.13
0 0.6880952380952381 0.8366666666666667 0.09404761904761905 0.13333333333333333
0 0.6595238095238095 0.7566666666666667 0.05238095238095238 0.07166666666666667
0 0.7511904761904762 0.4166666666666667 0.06904761904761905 0.095
0 0.6309523809523809 0.4266666666666667 0.07261904761904762 0.09833333333333333
0 0.2976190476190476 0.6633333333333333 0.07261904761904762 0.12666666666666668
0 0.3619047619047619 0.5866666666666667 0.07380952380952381 0.11