0 0.04642857142857143 0.2966666666666667 0.036904761904761905 0.04666666666666667
0 0.07857142857142857 0.043333333333333335 0.07857142857142857 0.08666666666666667
0 0.03333333333333333 0.235 0.06547619047619048 0.115
0 0.14761904761904762 0.075 0.11904761904761904 0.14833333333333334
0 0.5 0.845 0.04523809523809524 0.04666666666666667
0 0.4523809523809524 0.5933333333333334 0.15595238095238095 0.26166666666666666
0 0.3202380952380952 0.115 0.0880952380952381 0.12666666666666668
0 0.1976190476190476 0.8083333333333333 0.0761904761904762 0.12166666666666667
0 0.20595238095238094 0.135 0.12023809523809524 0.14833333333333334
0 0.5095238095238095 0.925 0.1392857142857143 0.14833333333333334
0 0.7083333333333334 0.8916666666666667 0.11428571428571428 0.165
1 0.26071428571428573 0.7866666666666666 0.11904761904761904 0.13666666666666666
0 0.6142857142857143 0.9183333333333333 0.10476190476190476 0.15333333333333332
0 0.638095238095238 0.12 0.14047619047619048 0.17333333333333334
0 0.525 0.08666666666666667 0.12142857142857143 0.17333333333333334
0 0.6845238095238095 0.465 0.1523809523809524 0.19166666666666668
0 0.8238095238095238 0.355 0.1595238095238095 0.22333333333333333
0 0.5869047619047619 0.5916666666666667 0.1523809523809524 0.24833333333333332
0 0.27380952380952384 0.6183333333333333 0.20952380952380953 0.305
0 0.6988095238095238 0.32166666666666666 0.15119047619047618 0.21166666666666667
1 0.34285714285714286 0.95 0.09761904761904762 0.08166666666666667