0 0.9940476190476191 0.21666666666666667 0.010714285714285714 0.06666666666666667
0 0.20595238095238094 0.41333333333333333 0.05952380952380952 0.035
0 0.2392857142857143 0.27 0.06547619047619048 0.07666666666666666
0 0.05357142857142857 0.25 0.07142857142857142 0.09333333333333334
0 0.6976190476190476 0.805 0.06547619047619048 0.06166666666666667
1 0.7226190476190476 0.085 0.06904761904761905 0.085
0 0.4630952380952381 0.625 0.060714285714285714 0.08833333333333333
0 0.2654761904761905 0.37333333333333335 0.05357142857142857 0.07166666666666667
0 0.07857142857142857 0.315 0.10952380952380952 0.16833333333333333
0 0.7154761904761905 0.3466666666666667 0.08333333333333333 0.11
0 0.8690476190476191 0.395 0.07261904761904762 0.10166666666666667
0 0.29404761904761906 0.2866666666666667 0.05119047619047619 0.07166666666666667
0 0.775 0.15166666666666667 0.08095238095238096 0.11
0 0.49523809523809526 0.435 0.08333333333333333 0.1
0 0.7904761904761904 0.41833333333333333 0.14047619047619048 0.165
0 0.8571428571428571 0.29833333333333334 0.09404761904761905 0.10833333333333334
0 0.6988095238095238 0.57 0.13214285714285715 0.165
0 0.6476190476190476 0.7266666666666667 0.12857142857142856 0.17666666666666667
0 0.18333333333333332 0.335 0.14642857142857144 0.16
0 0.07738095238095238 0.11166666666666666 0.14166666666666666 0.18
0 0.4011904761904762 0.645 0.12380952380952381 0.14
0 0.7880952380952381 0.78 0.1357142857142857 0.17666666666666667