1 0.8523809523809524 0.20833333333333334 0.1630952380952381 0.17166666666666666
1 0.09166666666666666 0.6216666666666667 0.07142857142857142 0.08333333333333333
1 0.919047619047619 0.21 0.10952380952380952 0.14833333333333334
1 0.5511904761904762 0.05 0.036904761904761905 0.04833333333333333
0 0.8738095238095238 0.8966666666666666 0.058333333333333334 0.09666666666666666
0 0.33690476190476193 0.4766666666666667 0.055952380952380955 0.10166666666666667
1 0.4869047619047619 0.6516666666666666 0.07738095238095238 0.125
0 0.7702380952380953 0.325 0.1595238095238095 0.17
1 0.03571428571428571 0.13833333333333334 0.07023809523809524 0.12833333333333333
1 0.3404761904761905 0.635 0.09404761904761905 0.13833333333333334
0 0.944047619047619 0.94 0.10119047619047619 0.11833333333333333
1 0.33214285714285713 0.3016666666666667 0.19523809523809524 0.26
1 0.20714285714285716 0.9033333333333333 0.1488095238095238 0.18666666666666668
1 0.22380952380952382 0.105 0.20714285714285716 0.21
1 0.7928571428571428 0.4583333333333333 0.17976190476190476 0.205
0 0.5702380952380952 0.715 0.175 0.285
1 0.5833333333333334 0.3433333333333333 0.1761904761904762 0.21333333333333335
0 0.15 0.725 0.18333333333333332 0.25166666666666665
0 0.7357142857142858 0.75 0.22857142857142856 0.31666666666666665
1 0.819047619047619 0.12333333333333334 0.06547619047619048 0.08166666666666667
1 0.6202380952380953 0.16833333333333333 0.10595238095238095 0.11666666666666667