0 0.20833333333333334 0.09 0.08333333333333333 0.12333333333333334
0 0.0761904761904762 0.23833333333333334 0.06666666666666667 0.095
0 0.15476190476190477 0.22833333333333333 0.0880952380952381 0.14333333333333334
0 0.23214285714285715 0.275 0.0880952380952381 0.11333333333333333
0 0.2261904761904762 0.7166666666666667 0.06785714285714285 0.12833333333333333
0 0.4119047619047619 0.585 0.06904761904761905 0.095
0 0.5642857142857143 0.09166666666666666 0.09285714285714286 0.12833333333333333
0 0.6583333333333333 0.056666666666666664 0.07976190476190476 0.11166666666666666
0 0.6702380952380952 0.4483333333333333 0.05714285714285714 0.095
0 0.8964285714285715 0.46 0.06904761904761905 0.08833333333333333
0 0.7214285714285714 0.5966666666666667 0.06190476190476191 0.09333333333333334
0 0.5726190476190476 0.7066666666666667 0.08095238095238096 0.11666666666666667
0 0.5142857142857142 0.83 0.08452380952380953 0.11833333333333333
0 0.6130952380952381 0.9133333333333333 0.08452380952380953 0.13666666666666666
0 0.6630952380952381 0.68 0.08452380952380953 0.13666666666666666
0 0.719047619047619 0.715 0.05238095238095238 0.095
0 0.30952380952380953 0.5066666666666667 0.055952380952380955 0.09833333333333333
0 0.6130952380952381 0.6333333333333333 0.036904761904761905 0.055