1 0.25833333333333336 0.325 0.12976190476190477 0.16666666666666666
0 0.48333333333333334 0.6316666666666667 0.09404761904761905 0.14333333333333334
0 0.9619047619047619 0.028333333333333332 0.07142857142857142 0.056666666666666664
1 0.49642857142857144 0.5066666666666667 0.11666666666666667 0.13833333333333334
1 0.030952380952380953 0.2866666666666667 0.05952380952380952 0.16
1 0.7357142857142858 0.835 0.0880952380952381 0.155
1 0.8809523809523809 0.5133333333333333 0.15357142857142858 0.185
1 0.39166666666666666 0.4716666666666667 0.14404761904761904 0.17833333333333334
0 0.7071428571428572 0.39666666666666667 0.2130952380952381 0.275
1 0.11547619047619048 0.28 0.17142857142857143 0.195
0 0.10952380952380952 0.07333333333333333 0.12142857142857143 0.14
1 0.4297619047619048 0.78 0.17023809523809524 0.245
1 0.775 0.6366666666666667 0.18928571428571428 0.2633333333333333
1 0.888095238095238 0.2966666666666667 0.21666666666666667 0.27166666666666667
0 0.25 0.5316666666666666 0.10714285714285714 0.14333333333333334
1 0.6071428571428571 0.81 0.09285714285714286 0.13833333333333334
1 0.18452380952380953 0.4483333333333333 0.1523809523809524 0.14833333333333334