0 0.9333333333333333 0.5766666666666667 0.09523809523809523 0.09666666666666666
1 0.18571428571428572 0.405 0.05 0.056666666666666664
1 0.0869047619047619 0.4533333333333333 0.05238095238095238 0.056666666666666664
1 0.039285714285714285 0.42 0.06904761904761905 0.08833333333333333
1 0.1261904761904762 0.41 0.07857142857142857 0.09
1 0.6666666666666666 0.6133333333333333 0.1380952380952381 0.11333333333333333
1 0.5654761904761905 0.5533333333333333 0.11904761904761904 0.16666666666666666
1 0.32142857142857145 0.5033333333333333 0.13214285714285715 0.135
0 0.47023809523809523 0.5433333333333333 0.09642857142857143 0.11333333333333333
1 0.32142857142857145 0.37833333333333335 0.1392857142857143 0.165
1 0.47023809523809523 0.38166666666666665 0.15833333333333333 0.19
1 0.6904761904761905 0.5066666666666667 0.15 0.16833333333333333
1 0.05238095238095238 0.8916666666666667 0.06547619047619048 0.10333333333333333
1 0.1357142857142857 0.8983333333333333 0.06666666666666667 0.10333333333333333
1 0.18452380952380953 0.8666666666666667 0.058333333333333334 0.09