0 0.20714285714285716 0.8933333333333333 0.0880952380952381 0.13
0 0.30238095238095236 0.865 0.11190476190476191 0.14833333333333334
0 0.275 0.6783333333333333 0.11071428571428571 0.15333333333333332
0 0.45 0.8283333333333334 0.08214285714285714 0.11
0 0.3488095238095238 0.16333333333333333 0.07738095238095238 0.115
0 0.4261904761904762 0.20333333333333334 0.08095238095238096 0.105
0 0.4797619047619048 0.12166666666666667 0.0761904761904762 0.11833333333333333
0 0.6107142857142858 0.11166666666666666 0.10119047619047619 0.11833333333333333
0 0.7535714285714286 0.44333333333333336 0.09404761904761905 0.125
0 0.5357142857142857 0.7733333333333333 0.07261904761904762 0.11333333333333333
0 0.625 0.715 0.0880952380952381 0.135
0 0.4583333333333333 0.7183333333333334 0.09166666666666666 0.11
0 0.794047619047619 0.2833333333333333 0.08452380952380953 0.11666666666666667