0 0.36547619047619045 0.7583333333333333 0.12023809523809524 0.11333333333333333
1 0.4785714285714286 0.34 0.11666666666666667 0.095
1 0.95 0.265 0.1 0.12333333333333334
0 0.12380952380952381 0.28 0.08333333333333333 0.095
0 0.7547619047619047 0.65 0.0761904761904762 0.09333333333333334
1 0.9261904761904762 0.6866666666666666 0.09404761904761905 0.12333333333333334
0 0.8071428571428572 0.315 0.07380952380952381 0.12666666666666668
1 0.05476190476190476 0.4216666666666667 0.10952380952380952 0.14166666666666666
0 0.48333333333333334 0.7516666666666667 0.10952380952380952 0.15333333333333332
1 0.18928571428571428 0.8266666666666667 0.225 0.32166666666666666
1 0.4095238095238095 0.89 0.1880952380952381 0.21833333333333332
1 0.8202380952380952 0.735 0.11190476190476191 0.14166666666666666
1 0.8654761904761905 0.6166666666666667 0.13095238095238096 0.15
1 0.8690476190476191 0.14333333333333334 0.09761904761904762 0.12166666666666667
1 0.8964285714285715 0.3933333333333333 0.14761904761904762 0.15333333333333332
1 0.8523809523809524 0.2683333333333333 0.08571428571428572 0.08833333333333333
1 0.6702380952380952 0.57 0.02619047619047619 0.06166666666666667
0 0.18095238095238095 0.6683333333333333 0.1619047619047619 0.08333333333333333