0 0.85 0.355 0.08214285714285714 0.10166666666666667
0 0.034523809523809526 0.3516666666666667 0.06666666666666667 0.09333333333333334
1 0.8285714285714286 0.46166666666666667 0.10714285714285714 0.13166666666666665
0 0.08333333333333333 0.42833333333333334 0.06785714285714285 0.095
1 0.9464285714285714 0.4216666666666667 0.1 0.12833333333333333
1 0.10119047619047619 0.32 0.12261904761904761 0.165
1 0.39880952380952384 0.37333333333333335 0.12023809523809524 0.14666666666666667
1 0.4714285714285714 0.3 0.09285714285714286 0.11666666666666667
1 0.4726190476190476 0.56 0.1761904761904762 0.21333333333333335
1 0.9321428571428572 0.58 0.07857142857142857 0.105
0 0.8702380952380953 0.24 0.07976190476190476 0.09333333333333334
1 0.2571428571428571 0.25666666666666665 0.0880952380952381 0.085