1 0.9630952380952381 0.5766666666666667 0.06428571428571428 0.07833333333333334
0 0.25952380952380955 0.52 0.1130952380952381 0.12833333333333333
0 0.7345238095238096 0.3466666666666667 0.12380952380952381 0.12166666666666667
0 0.919047619047619 0.43833333333333335 0.15833333333333333 0.18333333333333332
0 0.8785714285714286 0.18333333333333332 0.14404761904761904 0.155
0 0.12023809523809524 0.4266666666666667 0.20833333333333334 0.23166666666666666
0 0.3535714285714286 0.19 0.1869047619047619 0.20166666666666666
0 0.7202380952380952 0.535 0.1488095238095238 0.20666666666666667
0 0.0761904761904762 0.18666666666666668 0.1523809523809524 0.24
0 0.830952380952381 0.6116666666666667 0.1773809523809524 0.21333333333333335
0 0.38571428571428573 0.5633333333333334 0.16071428571428573 0.21666666666666667
0 0.3011904761904762 0.37166666666666665 0.1773809523809524 0.21166666666666667
0 0.5595238095238095 0.5916666666666667 0.20714285714285716 0.27
1 0.638095238095238 0.4866666666666667 0.058333333333333334 0.06333333333333334