0 0.8392857142857143 0.4083333333333333 0.06904761904761905 0.095
0 0.6154761904761905 0.4033333333333333 0.05714285714285714 0.09166666666666666
0 0.6095238095238096 0.04833333333333333 0.0761904761904762 0.095
0 0.5166666666666667 0.07333333333333333 0.08571428571428572 0.11833333333333333
0 0.6654761904761904 0.5466666666666666 0.05952380952380952 0.09
0 0.1488095238095238 0.065 0.07857142857142857 0.11833333333333333
0 0.6678571428571428 0.6683333333333333 0.05357142857142857 0.1
0 0.6071428571428571 0.6266666666666667 0.0869047619047619 0.13166666666666665
0 0.5142857142857142 0.6583333333333333 0.07976190476190476 0.125
0 0.555952380952381 0.86 0.08452380952380953 0.14333333333333334
0 0.4869047619047619 0.905 0.04642857142857143 0.07166666666666667
0 0.45476190476190476 0.78 0.08333333333333333 0.11333333333333333
0 0.35833333333333334 0.54 0.06785714285714285 0.1
0 0.1738095238095238 0.675 0.06428571428571428 0.12166666666666667
0 0.09404761904761905 0.2 0.0869047619047619 0.13
0 0.16904761904761906 0.24 0.07857142857142857 0.11