1 0.7702380952380953 0.40166666666666667 0.05357142857142857 0.055
1 0.7773809523809524 0.016666666666666666 0.05714285714285714 0.03166666666666667
1 0.10952380952380952 0.315 0.060714285714285714 0.07666666666666666
1 0.8904761904761904 0.43833333333333335 0.09047619047619047 0.14
1 0.16547619047619047 0.38666666666666666 0.07738095238095238 0.09
1 0.7119047619047619 0.4583333333333333 0.13452380952380952 0.125
1 0.5214285714285715 0.8666666666666667 0.10595238095238095 0.13333333333333333
1 0.5333333333333333 0.33 0.10476190476190476 0.13666666666666666
1 0.3333333333333333 0.43166666666666664 0.11666666666666667 0.14333333333333334
1 0.85 0.575 0.11071428571428571 0.11333333333333333
1 0.5738095238095238 0.4766666666666667 0.15 0.22166666666666668
1 0.6988095238095238 0.5766666666666667 0.15714285714285714 0.18666666666666668
1 0.8273809523809523 0.4583333333333333 0.10833333333333334 0.14166666666666666
1 0.2714285714285714 0.6616666666666666 0.17142857142857143 0.22166666666666668
0 0.29285714285714287 0.875 0.18333333333333332 0.23333333333333334
1 0.07142857142857142 0.705 0.10119047619047619 0.16333333333333333
1 0.569047619047619 0.045 0.05476190476190476 0.041666666666666664
1 0.9845238095238096 0.87 0.030952380952380953 0.08833333333333333
1 0.9142857142857143 0.7633333333333333 0.036904761904761905 0.07166666666666667