0 0.42857142857142855 0.96 0.04047619047619048 0.06
0 0.6428571428571429 0.7616666666666667 0.04047619047619048 0.04833333333333333
0 0.39404761904761904 0.845 0.047619047619047616 0.06
0 0.36666666666666664 0.76 0.05 0.05333333333333334
0 0.34404761904761905 0.62 0.10238095238095238 0.08
0 0.4035714285714286 0.9633333333333334 0.06666666666666667 0.07333333333333333
0 0.9404761904761905 0.8933333333333333 0.11785714285714285 0.125
0 0.03333333333333333 0.3516666666666667 0.06190476190476191 0.11
1 0.5023809523809524 0.42333333333333334 0.04404761904761905 0.07
1 0.3476190476190476 0.6833333333333333 0.11904761904761904 0.155
0 0.4869047619047619 0.915 0.08452380952380953 0.11833333333333333
0 0.7119047619047619 0.615 0.07857142857142857 0.10666666666666667
0 0.655952380952381 0.6616666666666666 0.07976190476190476 0.13166666666666665
0 0.2154761904761905 0.19333333333333333 0.09761904761904762 0.12
0 0.1261904761904762 0.25666666666666665 0.09285714285714286 0.12
0 0.6511904761904762 0.13666666666666666 0.11071428571428571 0.16
0 0.7404761904761905 0.7866666666666666 0.09285714285714286 0.12333333333333334
0 0.5464285714285714 0.25833333333333336 0.11428571428571428 0.19166666666666668
0 0.5773809523809523 0.895 0.11547619047619048 0.18
0 0.5857142857142857 0.7066666666666667 0.12142857142857143 0.165
0 0.3630952380952381 0.07166666666666667 0.08571428571428572 0.14166666666666666
0 0.5571428571428572 0.08166666666666667 0.11190476190476191 0.15333333333333332
0 0.46904761904761905 0.3616666666666667 0.12380952380952381 0.20666666666666667
1 0.4392857142857143 0.8083333333333333 0.09523809523809523 0.12333333333333334
0 0.058333333333333334 0.07 0.11547619047619048 0.13833333333333334
0 0.3476190476190476 0.37166666666666665 0.15476190476190477 0.22166666666666668
0 0.7547619047619047 0.9066666666666666 0.12380952380952381 0.16333333333333333
0 0.29404761904761906 0.795 0.08452380952380953 0.11
0 0.4630952380952381 0.04 0.07738095238095238 0.08