0 0.944047619047619 0.5083333333333333 0.03214285714285714 0.055
0 0.7309523809523809 0.5633333333333334 0.058333333333333334 0.07166666666666667
0 0.5630952380952381 0.515 0.05 0.07
0 0.6011904761904762 0.6283333333333333 0.05119047619047619 0.075
0 0.5928571428571429 0.735 0.05238095238095238 0.07666666666666666
0 0.5476190476190477 0.6883333333333334 0.07380952380952381 0.12333333333333334
0 0.5321428571428571 0.5716666666666667 0.055952380952380955 0.08833333333333333
0 0.4928571428571429 0.8316666666666667 0.07738095238095238 0.12666666666666668
0 0.4297619047619048 0.8733333333333333 0.04285714285714286 0.07333333333333333
0 0.4654761904761905 0.6633333333333333 0.07380952380952381 0.10833333333333334
0 0.4083333333333333 0.7466666666666667 0.0761904761904762 0.10666666666666667
0 0.3357142857142857 0.5633333333333334 0.058333333333333334 0.08666666666666667
0 0.1976190476190476 0.25833333333333336 0.075 0.10166666666666667
0 0.23214285714285715 0.7283333333333334 0.060714285714285714 0.08
0 0.17142857142857143 0.6533333333333333 0.058333333333333334 0.11
0 0.0761904761904762 0.43833333333333335 0.055952380952380955 0.07666666666666666
0 0.13690476190476192 0.22666666666666666 0.07142857142857142 0.11166666666666666
0 0.19285714285714287 0.13166666666666665 0.06785714285714285 0.10333333333333333