0 0.30714285714285716 0.37333333333333335 0.02857142857142857 0.035
0 0.655952380952381 0.11166666666666666 0.01904761904761905 0.015
1 0.4523809523809524 0.10666666666666667 0.03333333333333333 0.025
1 0.16071428571428573 0.24666666666666667 0.017857142857142856 0.03
1 0.8642857142857143 0.43 0.02976190476190476 0.041666666666666664
1 0.6059523809523809 0.11 0.016666666666666666 0.018333333333333333
1 0.6904761904761905 0.44 0.02738095238095238 0.04
1 0.015476190476190477 0.5816666666666667 0.02976190476190476 0.05333333333333334
0 0.8964285714285715 0.885 0.02619047619047619 0.03333333333333333
0 0.8630952380952381 0.4533333333333333 0.03214285714285714 0.03333333333333333
1 0.6154761904761905 0.19833333333333333 0.025 0.02666666666666667
1 0.7619047619047619 0.465 0.030952380952380953 0.03666666666666667
1 0.175 0.2683333333333333 0.023809523809523808 0.03
1 0.6904761904761905 0.14833333333333334 0.02023809523809524 0.028333333333333332
0 0.48333333333333334 0.275 0.015476190476190477 0.021666666666666667
1 0.1130952380952381 0.18 0.02738095238095238 0.035
1 0.1761904761904762 0.235 0.02738095238095238 0.03666666666666667
0 0.7095238095238096 0.155 0.01904761904761905 0.023333333333333334
1 0.20595238095238094 0.17666666666666667 0.02261904761904762 0.03166666666666667
0 0.32857142857142857 0.3333333333333333 0.01904761904761905 0.023333333333333334
0 0.26785714285714285 0.63 0.025 0.04
0 0.2833333333333333 0.72 0.04285714285714286 0.058333333333333334
0 0.6726190476190477 0.19333333333333333 0.017857142857142856 0.025
1 0.2 0.14333333333333334 0.02023809523809524 0.023333333333333334
1 0.3273809523809524 0.8116666666666666 0.04880952380952381 0.07333333333333333
0 0.13214285714285715 0.18833333333333332 0.017857142857142856 0.03
1 0.43214285714285716 0.415 0.041666666666666664 0.041666666666666664
0 0.7916666666666666 0.2733333333333333 0.02142857142857143 0.025
1 0.4773809523809524 0.595 0.04285714285714286 0.051666666666666666
1 0.05476190476190476 0.7916666666666666 0.03214285714285714 0.05
1 0.13333333333333333 0.8983333333333333 0.04642857142857143 0.058333333333333334
0 0.5714285714285714 0.24666666666666667 0.02142857142857143 0.02666666666666667
0 0.46904761904761905 0.9666666666666667 0.047619047619047616 0.056666666666666664
1 0.025 0.635 0.05 0.07
1 0.736904761904762 0.4216666666666667 0.034523809523809526 0.043333333333333335
1 0.10119047619047619 0.14333333333333334 0.02619047619047619 0.03166666666666667
1 0.19523809523809524 0.28 0.02738095238095238 0.03333333333333333
1 0.24642857142857144 0.11333333333333333 0.01904761904761905 0.02666666666666667
1 0.060714285714285714 0.37333333333333335 0.034523809523809526 0.04
0 0.03333333333333333 0.39666666666666667 0.03214285714285714 0.03833333333333333
0 0.4630952380952381 0.25333333333333335 0.023809523809523808 0.02666666666666667
1 0.6952380952380952 0.195 0.02619047619047619 0.03333333333333333
0 0.9023809523809524 0.7983333333333333 0.060714285714285714 0.06833333333333333
0 0.6678571428571428 0.75 0.041666666666666664 0.055
1 0.22857142857142856 0.205 0.02857142857142857 0.03666666666666667
1 0.8380952380952381 0.4216666666666667 0.04047619047619048 0.05
1 0.7226190476190476 0.4716666666666667 0.034523809523809526 0.04666666666666667
1 0.430952380952381 0.9116666666666666 0.047619047619047616 0.065
1 0.02619047619047619 0.3566666666666667 0.030952380952380953 0.04
1 0.6404761904761904 0.49 0.02976190476190476 0.04
1 0.6333333333333333 0.22 0.02976190476190476 0.03833333333333333
1 0.6238095238095238 0.4533333333333333 0.04285714285714286 0.056666666666666664
0 0.23333333333333334 0.6966666666666667 0.06190476190476191 0.06666666666666667
1 0.25952380952380955 0.7933333333333333 0.07261904761904762 0.07833333333333334
1 0.06904761904761905 0.59 0.05357142857142857 0.075
1 0.9845238095238096 0.6133333333333333 0.030952380952380953 0.05
1 0.2571428571428571 0.7916666666666666 0.07261904761904762 0.07833333333333334
1 0.49166666666666664 0.46 0.023809523809523808 0.03833333333333333
0 0.23809523809523808 0.42333333333333334 0.030952380952380953 0.03333333333333333
1 0.38095238095238093 0.865 0.047619047619047616 0.065