1 0.9095238095238095 0.011666666666666667 0.041666666666666664 0.023333333333333334
0 0.3607142857142857 0.75 0.08333333333333333 0.10666666666666667
0 0.6964285714285714 0.6616666666666666 0.060714285714285714 0.09
1 0.12261904761904761 0.34833333333333333 0.0880952380952381 0.09
0 0.7273809523809524 0.365 0.0630952380952381 0.10333333333333333
1 0.43333333333333335 0.38333333333333336 0.05714285714285714 0.09
1 0.7523809523809524 0.7333333333333333 0.0988095238095238 0.12
1 0.06547619047619048 0.4683333333333333 0.1130952380952381 0.13
0 0.4666666666666667 0.7333333333333333 0.0988095238095238 0.13333333333333333
1 0.6130952380952381 0.051666666666666666 0.07380952380952381 0.10333333333333333
1 0.844047619047619 0.6916666666666667 0.0761904761904762 0.095
1 0.8476190476190476 0.32166666666666666 0.08452380952380953 0.10166666666666667
1 0.22976190476190475 0.7816666666666666 0.19285714285714287 0.23166666666666666
1 0.7761904761904762 0.22166666666666668 0.07738095238095238 0.1
1 0.4095238095238095 0.8583333333333333 0.15833333333333333 0.19166666666666668
1 0.8071428571428572 0.43166666666666664 0.12023809523809524 0.13
1 0.7857142857142857 0.625 0.11071428571428571 0.12666666666666668