0 0.9642857142857143 0.6816666666666666 0.06904761904761905 0.16833333333333333
0 0.055952380952380955 0.73 0.07738095238095238 0.11333333333333333
0 0.1976190476190476 0.3616666666666667 0.06904761904761905 0.07166666666666667
0 0.8011904761904762 0.43333333333333335 0.10714285714285714 0.14166666666666666
0 0.35714285714285715 0.36833333333333335 0.047619047619047616 0.07833333333333334
1 0.5583333333333333 0.325 0.10357142857142858 0.105
1 0.3404761904761905 0.20666666666666667 0.06666666666666667 0.095
0 0.9095238095238095 0.6916666666666667 0.15714285714285714 0.17666666666666667
1 0.6619047619047619 0.32166666666666666 0.0869047619047619 0.115
0 0.22976190476190475 0.4166666666666667 0.08095238095238096 0.11166666666666666
0 0.6869047619047619 0.43833333333333335 0.09523809523809523 0.09666666666666666
0 0.7154761904761905 0.5466666666666666 0.14047619047619048 0.14666666666666667
0 0.575 0.38333333333333336 0.09166666666666666 0.12666666666666668
0 0.13690476190476192 0.715 0.0869047619047619 0.125
0 0.9345238095238095 0.505 0.1261904761904762 0.14833333333333334
1 0.7535714285714286 0.32 0.09285714285714286 0.115
0 0.16904761904761906 0.48 0.10833333333333334 0.12333333333333334
0 0.11071428571428571 0.37 0.11904761904761904 0.13333333333333333
0 0.7357142857142858 0.6716666666666666 0.18571428571428572 0.235