1 0.775 0.355 0.12261904761904761 0.165
0 0.7285714285714285 0.33166666666666667 0.05119047619047619 0.08166666666666667
0 0.04880952380952381 0.5033333333333333 0.09523809523809523 0.11333333333333333
0 0.06904761904761905 0.605 0.12976190476190477 0.155
0 0.09047619047619047 0.8933333333333333 0.0988095238095238 0.095
0 0.4857142857142857 0.10166666666666667 0.10476190476190476 0.125
0 0.9261904761904762 0.7316666666666667 0.14166666666666666 0.19
0 0.9214285714285714 0.26 0.10952380952380952 0.13833333333333334
0 0.3261904761904762 0.2916666666666667 0.09166666666666666 0.14333333333333334
0 0.34285714285714286 0.685 0.1488095238095238 0.145
0 0.55 0.7683333333333333 0.13333333333333333 0.16333333333333333
0 0.2488095238095238 0.5916666666666667 0.20238095238095238 0.24333333333333335
0 0.9285714285714286 0.41 0.14166666666666666 0.17166666666666666
0 0.8285714285714286 0.765 0.13333333333333333 0.16833333333333333
0 0.04523809523809524 0.041666666666666664 0.09047619047619047 0.08333333333333333
0 0.37857142857142856 0.17166666666666666 0.11547619047619048 0.13666666666666666
0 0.11428571428571428 0.7783333333333333 0.20476190476190476 0.24166666666666667
0 0.4845238095238095 0.6533333333333333 0.15714285714285714 0.18666666666666668
0 0.5404761904761904 0.425 0.1976190476190476 0.22333333333333333
0 0.6785714285714286 0.8816666666666667 0.16666666666666666 0.21666666666666667
1 0.017857142857142856 0.7433333333333333 0.034523809523809526 0.14