0 0.611904761904762 0.84 0.16666666666666666 0.24333333333333335
0 0.9261904761904762 0.4033333333333333 0.10238095238095238 0.14666666666666667
0 0.7476190476190476 0.2966666666666667 0.08928571428571429 0.13666666666666666
0 0.6321428571428571 0.36 0.10476190476190476 0.11833333333333333
0 0.6583333333333333 0.23666666666666666 0.11547619047619048 0.16333333333333333
0 0.42142857142857143 0.9216666666666666 0.09166666666666666 0.115
0 0.3619047619047619 0.7216666666666667 0.07738095238095238 0.095
0 0.44166666666666665 0.41833333333333333 0.12738095238095237 0.18333333333333332
0 0.41904761904761906 0.5833333333333334 0.10952380952380952 0.19
0 0.3619047619047619 0.18666666666666668 0.1392857142857143 0.18833333333333332
0 0.3011904761904762 0.4266666666666667 0.10952380952380952 0.13166666666666665