1 0.8940476190476191 0.32166666666666666 0.09404761904761905 0.135
0 0.5095238095238095 0.5966666666666667 0.023809523809523808 0.058333333333333334
0 0.4452380952380952 0.17666666666666667 0.05952380952380952 0.035
0 0.14285714285714285 0.15166666666666667 0.047619047619047616 0.07
0 0.8226190476190476 0.16333333333333333 0.041666666666666664 0.055
0 0.0761904761904762 0.9566666666666667 0.11428571428571428 0.08666666666666667
1 0.3761904761904762 0.175 0.075 0.08666666666666667
1 0.15833333333333333 0.42833333333333334 0.04880952380952381 0.09166666666666666
1 0.25952380952380955 0.08833333333333333 0.06547619047619048 0.07666666666666666
1 0.1630952380952381 0.235 0.0630952380952381 0.075
1 0.3619047619047619 0.72 0.08571428571428572 0.10333333333333333
0 0.7619047619047619 0.20333333333333334 0.041666666666666664 0.06333333333333334
1 0.4642857142857143 0.6766666666666666 0.0869047619047619 0.12
1 0.12976190476190477 0.3383333333333333 0.05714285714285714 0.06666666666666667
0 0.14285714285714285 0.043333333333333335 0.09523809523809523 0.08666666666666667
0 0.2654761904761905 0.7766666666666666 0.09523809523809523 0.12833333333333333
0 0.3 0.16333333333333333 0.11190476190476191 0.14333333333333334
1 0.07857142857142857 0.14166666666666666 0.07261904761904762 0.08333333333333333
1 0.8047619047619048 0.7416666666666667 0.125 0.16666666666666666
1 0.7464285714285714 0.64 0.10476190476190476 0.12833333333333333
1 0.6464285714285715 0.78 0.0869047619047619 0.12166666666666667
0 0.7547619047619047 0.03 0.06428571428571428 0.06
1 0.8678571428571429 0.26166666666666666 0.15 0.235
1 0.9226190476190477 0.44166666666666665 0.11190476190476191 0.14166666666666666
0 0.12142857142857143 0.6133333333333333 0.15119047619047618 0.19333333333333333
0 0.20833333333333334 0.6933333333333334 0.10952380952380952 0.14833333333333334
1 0.39404761904761904 0.8016666666666666 0.12738095238095237 0.18
1 0.29285714285714287 0.885 0.1130952380952381 0.14166666666666666
1 0.49404761904761907 0.8 0.10238095238095238 0.14666666666666667
0 0.7821428571428571 0.37166666666666665 0.1619047619047619 0.175