1 0.3119047619047619 0.3016666666666667 0.10714285714285714 0.10666666666666667
1 0.513095238095238 0.02 0.03571428571428571 0.03833333333333333
1 0.5202380952380953 0.29833333333333334 0.11785714285714285 0.165
1 0.9428571428571428 0.3016666666666667 0.036904761904761905 0.045
1 0.530952380952381 0.05 0.039285714285714285 0.06666666666666667
1 0.12857142857142856 0.08 0.07023809523809524 0.07666666666666666
1 0.5214285714285715 0.17166666666666666 0.08452380952380953 0.09666666666666666
0 0.3738095238095238 0.225 0.08214285714285714 0.09333333333333334
1 0.5583333333333333 0.2683333333333333 0.1130952380952381 0.15833333333333333
0 0.2523809523809524 0.5216666666666666 0.21666666666666667 0.24833333333333332
1 0.8928571428571429 0.51 0.1 0.145
1 0.8166666666666667 0.58 0.12380952380952381 0.14333333333333334
1 0.6297619047619047 0.295 0.09761904761904762 0.14666666666666667
1 0.1976190476190476 0.76 0.28214285714285714 0.3516666666666667
1 0.7916666666666666 0.44166666666666665 0.10476190476190476 0.14166666666666666
1 0.27380952380952384 0.22666666666666666 0.07380952380952381 0.14166666666666666