0 0.4880952380952381 0.21333333333333335 0.08095238095238096 0.115
0 0.475 0.755 0.09047619047619047 0.12333333333333334
0 0.594047619047619 0.7783333333333333 0.0988095238095238 0.14166666666666666
0 0.55 0.47 0.11190476190476191 0.15666666666666668
0 0.5785714285714286 0.36666666666666664 0.0761904761904762 0.10166666666666667
0 0.6440476190476191 0.38666666666666666 0.06428571428571428 0.11166666666666666
0 0.5178571428571429 0.36833333333333335 0.05119047619047619 0.07833333333333334
0 0.4785714285714286 0.6133333333333333 0.09761904761904762 0.13833333333333334
0 0.3119047619047619 0.5116666666666667 0.08333333333333333 0.105
0 0.30952380952380953 0.6216666666666667 0.06547619047619048 0.10333333333333333
0 0.28095238095238095 0.7 0.055952380952380955 0.08333333333333333