1 0.2857142857142857 0.023333333333333334 0.06666666666666667 0.04666666666666667
0 0.5952380952380952 0.3383333333333333 0.05357142857142857 0.06666666666666667
1 0.9261904761904762 0.26166666666666666 0.05476190476190476 0.06166666666666667
0 0.6511904761904762 0.6083333333333333 0.034523809523809526 0.04666666666666667
1 0.9178571428571428 0.16666666666666666 0.06785714285714285 0.085
1 0.6988095238095238 0.7066666666666667 0.07976190476190476 0.08333333333333333
1 0.8738095238095238 0.06166666666666667 0.036904761904761905 0.03666666666666667
1 0.919047619047619 0.06666666666666667 0.0630952380952381 0.06333333333333334
1 0.8083333333333333 0.27 0.05476190476190476 0.06333333333333334
0 0.3011904761904762 0.3566666666666667 0.0380952380952381 0.051666666666666666
1 0.7892857142857143 0.38 0.07857142857142857 0.085
1 0.7869047619047619 0.795 0.12261904761904761 0.14
0 0.3607142857142857 0.07833333333333334 0.06190476190476191 0.08333333333333333
0 0.2130952380952381 0.34833333333333333 0.06666666666666667 0.09
1 0.8547619047619047 0.41 0.06547619047619048 0.07666666666666666
0 0.01904761904761905 0.19833333333333333 0.036904761904761905 0.06166666666666667
1 0.8738095238095238 0.285 0.03571428571428571 0.051666666666666666
1 0.5523809523809524 0.34833333333333333 0.02738095238095238 0.08166666666666667
0 0.2785714285714286 0.81 0.1 0.135
0 0.6619047619047619 0.11333333333333333 0.04404761904761905 0.05333333333333334