0 0.6547619047619048 0.26 0.05238095238095238 0.07333333333333333
0 0.7035714285714286 0.23 0.05119047619047619 0.07
0 0.7761904761904762 0.4583333333333333 0.0380952380952381 0.04833333333333333
0 0.8095238095238095 0.5033333333333333 0.0380952380952381 0.055
0 0.5714285714285714 0.8533333333333334 0.06190476190476191 0.09833333333333333
0 0.5059523809523809 0.865 0.07857142857142857 0.10166666666666667
0 0.45714285714285713 0.8133333333333334 0.05714285714285714 0.08333333333333333
0 0.6726190476190477 0.3466666666666667 0.02738095238095238 0.05
0 0.5464285714285714 0.32666666666666666 0.05357142857142857 0.06666666666666667
0 0.4738095238095238 0.18333333333333332 0.04523809523809524 0.056666666666666664
0 0.3476190476190476 0.30833333333333335 0.047619047619047616 0.07
0 0.30714285714285716 0.3883333333333333 0.055952380952380955 0.07166666666666667