0 0.6464285714285715 0.4 0.041666666666666664 0.06333333333333334
1 0.611904761904762 0.07833333333333334 0.05357142857142857 0.07666666666666666
1 0.7047619047619048 0.36833333333333335 0.04642857142857143 0.065
1 0.5416666666666666 0.405 0.04642857142857143 0.06833333333333333
1 0.5178571428571429 0.9583333333333334 0.07857142857142857 0.08166666666666667
1 0.4238095238095238 0.275 0.0988095238095238 0.12333333333333334
1 0.569047619047619 0.46166666666666667 0.05357142857142857 0.06666666666666667
1 0.6035714285714285 0.705 0.05952380952380952 0.08666666666666667
1 0.32857142857142857 0.17333333333333334 0.1130952380952381 0.15166666666666667
0 0.719047619047619 0.8133333333333334 0.07976190476190476 0.10333333333333333
1 0.30833333333333335 0.785 0.10833333333333334 0.14
1 0.7226190476190476 0.19 0.06428571428571428 0.06833333333333333
1 0.6095238095238096 0.28 0.05238095238095238 0.08666666666666667