0 0.034523809523809526 0.4483333333333333 0.06190476190476191 0.08666666666666667
0 0.034523809523809526 0.33666666666666667 0.058333333333333334 0.10666666666666667
0 0.2 0.31666666666666665 0.0880952380952381 0.11333333333333333
0 0.16547619047619047 0.13833333333333334 0.0869047619047619 0.105
0 0.11785714285714285 0.2816666666666667 0.09404761904761905 0.13833333333333334
0 0.2130952380952381 0.7666666666666667 0.07023809523809524 0.11833333333333333
0 0.39285714285714285 0.615 0.07023809523809524 0.09833333333333333
0 0.5119047619047619 0.15166666666666667 0.09047619047619047 0.13333333333333333
0 0.6428571428571429 0.4666666666666667 0.060714285714285714 0.08833333333333333
0 0.8678571428571429 0.4666666666666667 0.07261904761904762 0.09
0 0.7011904761904761 0.605 0.0630952380952381 0.08666666666666667
0 0.5119047619047619 0.8433333333333334 0.08095238095238096 0.12
0 0.6130952380952381 0.9166666666666666 0.08928571428571429 0.135
0 0.5654761904761905 0.7133333333333334 0.08214285714285714 0.11833333333333333
0 0.6547619047619048 0.6983333333333334 0.075 0.14
0 0.7071428571428572 0.73 0.05357142857142857 0.09333333333333334
0 0.2892857142857143 0.845 0.08095238095238096 0.08833333333333333