1 0.0869047619047619 0.06833333333333333 0.04523809523809524 0.10333333333333333
0 0.08571428571428572 0.545 0.05119047619047619 0.08
0 0.9607142857142857 0.175 0.02976190476190476 0.03833333333333333
0 0.1 0.465 0.075 0.08166666666666667
0 0.225 0.07666666666666666 0.04642857142857143 0.07
0 0.9928571428571429 0.19666666666666666 0.013095238095238096 0.06333333333333334
1 0.7952380952380952 0.9716666666666667 0.13452380952380952 0.051666666666666666
1 0.7916666666666666 0.9483333333333334 0.11547619047619048 0.08833333333333333
0 0.9833333333333333 0.11166666666666666 0.03333333333333333 0.043333333333333335
0 0.1595238095238095 0.035 0.039285714285714285 0.05333333333333334
1 0.3595238095238095 0.16166666666666665 0.05357142857142857 0.06333333333333334
0 0.49642857142857144 0.10166666666666667 0.04285714285714286 0.06
1 0.35714285714285715 0.38166666666666665 0.04642857142857143 0.065
0 0.4845238095238095 0.018333333333333333 0.041666666666666664 0.035
1 0.01904761904761905 0.9166666666666666 0.0380952380952381 0.16666666666666666
1 0.35595238095238096 0.23 0.05238095238095238 0.07
0 0.2785714285714286 0.37833333333333335 0.055952380952380955 0.08166666666666667
1 0.4083333333333333 0.335 0.05238095238095238 0.06833333333333333
0 0.9023809523809524 0.205 0.04404761904761905 0.06
1 0.45595238095238094 0.25333333333333335 0.060714285714285714 0.07666666666666666
1 0.7988095238095239 0.735 0.0880952380952381 0.09333333333333334
0 0.19404761904761905 0.11333333333333333 0.060714285714285714 0.07
0 0.02976190476190476 0.43833333333333335 0.058333333333333334 0.15
1 0.4035714285714286 0.39 0.05238095238095238 0.056666666666666664
0 0.1880952380952381 0.555 0.05714285714285714 0.07833333333333334
1 0.02976190476190476 0.15166666666666667 0.05952380952380952 0.13
1 0.7047619047619048 0.9233333333333333 0.10238095238095238 0.14
0 0.319047619047619 0.405 0.05952380952380952 0.07833333333333334
1 0.7988095238095239 0.66 0.07261904761904762 0.07666666666666666
1 0.3535714285714286 0.3466666666666667 0.05476190476190476 0.04666666666666667
0 0.986904761904762 0.145 0.02619047619047619 0.03166666666666667