1 0.8380952380952381 0.57 0.09047619047619047 0.09333333333333334
0 0.725 0.6516666666666666 0.09761904761904762 0.08333333333333333
0 0.28809523809523807 0.92 0.07976190476190476 0.13833333333333334
0 0.6857142857142857 0.018333333333333333 0.06190476190476191 0.03666666666666667
1 0.015476190476190477 0.31666666666666665 0.030952380952380953 0.09333333333333334
1 0.42857142857142855 0.9333333333333333 0.1392857142857143 0.13166666666666665
1 0.017857142857142856 0.44166666666666665 0.034523809523809526 0.10166666666666667
0 0.32261904761904764 0.14 0.08571428571428572 0.07333333333333333
1 0.6845238095238095 0.8966666666666666 0.09642857142857143 0.12666666666666668
1 0.5226190476190476 0.9 0.10238095238095238 0.14
1 0.07142857142857142 0.09833333333333333 0.058333333333333334 0.09833333333333333
1 0.9404761904761905 0.48 0.11785714285714285 0.16166666666666665
1 0.07023809523809524 0.475 0.08928571428571429 0.10333333333333333
1 0.2392857142857143 0.18833333333333332 0.09642857142857143 0.135
0 0.08095238095238096 0.8583333333333333 0.16071428571428573 0.21
1 0.7988095238095239 0.045 0.0988095238095238 0.09
1 0.7857142857142857 0.7733333333333333 0.12976190476190477 0.17
0 0.20357142857142857 0.9133333333333333 0.11190476190476191 0.165
1 0.8726190476190476 0.27 0.17261904761904762 0.22333333333333333
0 0.1392857142857143 0.21 0.15 0.17166666666666666
0 0.780952380952381 0.4266666666666667 0.18333333333333332 0.20333333333333334
1 0.4714285714285714 0.7983333333333333 0.08452380952380953 0.12
1 0.3523809523809524 0.8633333333333333 0.07261904761904762 0.1