0 0.6178571428571429 0.7583333333333333 0.08928571428571429 0.13333333333333333
0 0.6857142857142857 0.7616666666666667 0.06785714285714285 0.10166666666666667
0 0.7178571428571429 0.5966666666666667 0.07857142857142857 0.11833333333333333
0 0.8571428571428571 0.40166666666666667 0.09285714285714286 0.13833333333333334
0 0.49166666666666664 0.75 0.09166666666666666 0.13666666666666666
0 0.4023809523809524 0.7833333333333333 0.075 0.11333333333333333
0 0.4583333333333333 0.9183333333333333 0.09166666666666666 0.13833333333333334
0 0.4452380952380952 0.48833333333333334 0.07976190476190476 0.12
0 0.30952380952380953 0.23166666666666666 0.0869047619047619 0.13
0 0.29523809523809524 0.085 0.0988095238095238 0.14833333333333334
0 0.3535714285714286 0.06833333333333333 0.09047619047619047 0.135
0 0.5523809523809524 0.2633333333333333 0.11547619047619048 0.17333333333333334
0 0.3964285714285714 0.3466666666666667 0.0761904761904762 0.11333333333333333