0 0.17261904761904762 0.44 0.10119047619047619 0.15166666666666667
0 0.05476190476190476 0.58 0.041666666666666664 0.056666666666666664
0 0.11904761904761904 0.5933333333333334 0.08452380952380953 0.115
0 0.08095238095238096 0.6766666666666666 0.041666666666666664 0.04833333333333333
0 0.21666666666666667 0.605 0.055952380952380955 0.085
0 0.23333333333333334 0.7 0.036904761904761905 0.04833333333333333
0 0.3392857142857143 0.36666666666666664 0.05238095238095238 0.08
0 0.49642857142857144 0.4533333333333333 0.06428571428571428 0.1
0 0.5214285714285715 0.46 0.05238095238095238 0.08666666666666667
0 0.5797619047619048 0.415 0.05119047619047619 0.08333333333333333
0 0.5928571428571429 0.38166666666666665 0.06904761904761905 0.10333333333333333
0 0.780952380952381 0.30666666666666664 0.0380952380952381 0.056666666666666664
0 0.8142857142857143 0.26 0.02857142857142857 0.045
0 0.2630952380952381 0.10166666666666667 0.03333333333333333 0.051666666666666666
0 0.09761904761904762 0.51 0.03333333333333333 0.04