1 0.325 0.03666666666666667 0.047619047619047616 0.07166666666666667
1 0.16428571428571428 0.4766666666666667 0.05238095238095238 0.07
1 0.44047619047619047 0.5116666666666667 0.1 0.2
1 0.944047619047619 0.54 0.10833333333333334 0.175
0 0.2511904761904762 0.46 0.10833333333333334 0.12833333333333333
1 0.41904761904761906 0.3466666666666667 0.0988095238095238 0.12
1 0.6142857142857143 0.47333333333333333 0.10595238095238095 0.18
0 0.5214285714285715 0.525 0.14523809523809525 0.21666666666666667
1 0.10476190476190476 0.6083333333333333 0.18452380952380953 0.21
1 0.8202380952380952 0.53 0.1357142857142857 0.17
1 0.8857142857142857 0.68 0.1380952380952381 0.16
1 0.8785714285714286 0.18833333333333332 0.06904761904761905 0.07833333333333334
1 0.35595238095238096 0.07 0.04523809523809524 0.085
1 0.22738095238095238 0.7733333333333333 0.13214285714285715 0.18166666666666667