0 0.5023809523809524 0.075 0.09166666666666666 0.13666666666666666
0 0.6904761904761905 0.26666666666666666 0.10833333333333334 0.14166666666666666
0 0.10476190476190476 0.135 0.08333333333333333 0.095
0 0.12738095238095237 0.051666666666666666 0.075 0.1
0 0.18333333333333332 0.09333333333333334 0.05119047619047619 0.08833333333333333
0 0.7523809523809524 0.6216666666666667 0.12261904761904761 0.18833333333333332
0 0.6678571428571428 0.8783333333333333 0.10714285714285714 0.18833333333333332
0 0.5095238095238095 0.17833333333333334 0.05476190476190476 0.056666666666666664
0 0.7559523809523809 0.47333333333333333 0.09166666666666666 0.13833333333333334
0 0.3011904761904762 0.705 0.11190476190476191 0.18166666666666667
0 0.6619047619047619 0.675 0.10119047619047619 0.15833333333333333
0 0.1261904761904762 0.8883333333333333 0.11785714285714285 0.17333333333333334
0 0.5452380952380952 0.7116666666666667 0.10714285714285714 0.16
0 0.5904761904761905 0.8416666666666667 0.07142857142857142 0.15833333333333333
0 0.669047619047619 0.4 0.0630952380952381 0.095
0 0.7476190476190476 0.395 0.09047619047619047 0.095
0 0.6464285714285715 0.455 0.041666666666666664 0.06833333333333333