0 0.7214285714285714 0.30333333333333334 0.05714285714285714 0.07833333333333334
0 0.7690476190476191 0.2733333333333333 0.09404761904761905 0.115
0 0.5107142857142857 0.455 0.06666666666666667 0.08166666666666667
0 0.763095238095238 0.18166666666666667 0.10238095238095238 0.105
0 0.7238095238095238 0.6883333333333334 0.175 0.16666666666666666
1 0.14642857142857144 0.19166666666666668 0.20952380952380953 0.26
0 0.6571428571428571 0.5866666666666667 0.16904761904761906 0.24
0 0.830952380952381 0.5783333333333334 0.19285714285714287 0.225
0 0.37857142857142856 0.15666666666666668 0.20357142857142857 0.27
0 0.2726190476190476 0.36333333333333334 0.18452380952380953 0.21666666666666667
0 0.5654761904761905 0.24833333333333332 0.21666666666666667 0.25