0 0.2702380952380952 0.705 0.04642857142857143 0.08
0 0.6523809523809524 0.3333333333333333 0.07142857142857142 0.12333333333333334
0 0.625 0.46 0.07142857142857142 0.09
1 0.1630952380952381 0.07666666666666666 0.15476190476190477 0.13
0 0.8702380952380953 0.825 0.15357142857142858 0.11
0 0.37023809523809526 0.645 0.14523809523809525 0.1
0 0.85 0.72 0.1357142857142857 0.12
0 0.46190476190476193 0.5366666666666666 0.17142857142857143 0.13666666666666666
0 0.7238095238095238 0.4716666666666667 0.17142857142857143 0.15166666666666667
0 0.2357142857142857 0.6066666666666667 0.15119047619047618 0.125
1 0.2130952380952381 0.21166666666666667 0.23333333333333334 0.18
0 0.22142857142857142 0.435 0.2761904761904762 0.19833333333333333
0 0.5226190476190476 0.3333333333333333 0.2154761904761905 0.18666666666666668