1 0.9678571428571429 0.755 0.05714285714285714 0.055
0 0.9773809523809524 0.525 0.04523809523809524 0.17166666666666666
0 0.22976190476190475 0.5633333333333334 0.06547619047619048 0.04833333333333333
0 0.14761904761904762 0.4683333333333333 0.19404761904761905 0.20333333333333334
0 0.45 0.4216666666666667 0.07261904761904762 0.09666666666666666
0 0.4988095238095238 0.335 0.13452380952380952 0.16666666666666666
0 0.7142857142857143 0.375 0.0869047619047619 0.09333333333333334
0 0.15595238095238095 0.2966666666666667 0.1130952380952381 0.11666666666666667
0 0.9119047619047619 0.38 0.15 0.14166666666666666
0 0.7952380952380952 0.575 0.13214285714285715 0.185
0 0.0761904761904762 0.5633333333333334 0.12857142857142856 0.15333333333333332
0 0.5226190476190476 0.5083333333333333 0.1261904761904762 0.17
0 0.9083333333333333 0.66 0.1738095238095238 0.20666666666666667
0 0.37142857142857144 0.3383333333333333 0.1380952380952381 0.175
0 0.5678571428571428 0.17833333333333334 0.1488095238095238 0.175
0 0.3380952380952381 0.15833333333333333 0.14523809523809525 0.19166666666666668
0 0.6309523809523809 0.5883333333333334 0.16428571428571428 0.20333333333333334
1 0.7988095238095239 0.47 0.1488095238095238 0.11833333333333333