0 0.15476190476190477 0.5316666666666666 0.04285714285714286 0.06833333333333333
0 0.430952380952381 0.7316666666666667 0.09047619047619047 0.125
0 0.5416666666666666 0.6466666666666666 0.06190476190476191 0.08833333333333333
0 0.6869047619047619 0.7966666666666666 0.07380952380952381 0.09833333333333333
0 0.6738095238095239 0.64 0.06428571428571428 0.09666666666666666
0 0.6416666666666667 0.7366666666666667 0.04404761904761905 0.06833333333333333
0 0.6988095238095238 0.7133333333333334 0.06547619047619048 0.08666666666666667
0 0.6166666666666667 0.43666666666666665 0.055952380952380955 0.06833333333333333
0 0.4785714285714286 0.5 0.039285714285714285 0.065
0 0.8666666666666667 0.245 0.04880952380952381 0.06333333333333334
0 0.8595238095238096 0.30666666666666664 0.04404761904761905 0.065
0 0.8321428571428572 0.37166666666666665 0.060714285714285714 0.09
0 0.8202380952380952 0.5733333333333334 0.04642857142857143 0.056666666666666664
0 0.8214285714285714 0.6466666666666666 0.060714285714285714 0.08833333333333333
0 0.8821428571428571 0.6116666666666667 0.0380952380952381 0.056666666666666664