0 0.7321428571428571 0.11666666666666667 0.09761904761904762 0.145
0 0.7404761904761905 0.2816666666666667 0.09523809523809523 0.14166666666666666
0 0.0761904761904762 0.5733333333333334 0.14761904761904762 0.22166666666666668
0 0.775 0.49833333333333335 0.08928571428571429 0.13333333333333333
0 0.6511904761904762 0.29333333333333333 0.11785714285714285 0.17666666666666667
0 0.31785714285714284 0.45166666666666666 0.12738095238095237 0.19
0 0.9357142857142857 0.7233333333333334 0.10357142857142858 0.155
0 0.5547619047619048 0.22166666666666668 0.10476190476190476 0.14166666666666666
0 0.5892857142857143 0.5133333333333333 0.058333333333333334 0.08333333333333333
0 0.21785714285714286 0.6833333333333333 0.1392857142857143 0.2
0 0.19166666666666668 0.8883333333333333 0.15476190476190477 0.19666666666666666
0 0.9607142857142857 0.37833333333333335 0.07857142857142857 0.10833333333333334
0 0.8285714285714286 0.445 0.07380952380952381 0.095