1 0.31666666666666665 0.4816666666666667 0.09047619047619047 0.10666666666666667
1 0.9523809523809523 0.01 0.04047619047619048 0.018333333333333333
0 0.9380952380952381 0.04 0.03214285714285714 0.055
1 0.9571428571428572 0.055 0.0380952380952381 0.05
0 0.9857142857142858 0.06833333333333333 0.02857142857142857 0.04
1 0.7273809523809524 0.09166666666666666 0.04523809523809524 0.051666666666666666
0 0.1988095238095238 0.6033333333333334 0.09523809523809523 0.07666666666666666
0 0.9738095238095238 0.7083333333333334 0.05119047619047619 0.10833333333333334
0 0.40595238095238095 0.87 0.08214285714285714 0.10833333333333334
1 0.9535714285714286 0.20333333333333334 0.05714285714285714 0.075
0 0.819047619047619 0.8 0.06547619047619048 0.105
1 0.24285714285714285 0.7566666666666667 0.08452380952380953 0.08666666666666667
0 0.5964285714285714 0.6166666666666667 0.07976190476190476 0.11666666666666667
1 0.6654761904761904 0.345 0.07261904761904762 0.10333333333333333
1 0.7511904761904762 0.041666666666666664 0.04404761904761905 0.06166666666666667
1 0.6738095238095239 0.5416666666666666 0.1 0.13
1 0.675 0.725 0.12261904761904761 0.15333333333333332
0 0.3488095238095238 0.7533333333333333 0.10833333333333334 0.15166666666666667
0 0.14047619047619048 0.68 0.11785714285714285 0.15833333333333333
1 0.2714285714285714 0.335 0.12023809523809524 0.15166666666666667
1 0.22380952380952382 0.48 0.10833333333333334 0.13
0 0.1380952380952381 0.81 0.10238095238095238 0.12166666666666667
1 0.5761904761904761 0.795 0.13690476190476192 0.21
1 0.5011904761904762 0.09833333333333333 0.0380952380952381 0.06833333333333333