0 0.009523809523809525 0.8533333333333334 0.017857142857142856 0.08666666666666667
0 0.7726190476190476 0.4483333333333333 0.04642857142857143 0.07166666666666667
0 0.9321428571428572 0.41333333333333333 0.07261904761904762 0.08833333333333333
0 0.0869047619047619 0.945 0.09642857142857143 0.10333333333333333
0 0.03571428571428571 0.97 0.07142857142857142 0.06
0 0.375 0.7033333333333334 0.06547619047619048 0.075
0 0.5166666666666667 0.585 0.07976190476190476 0.07833333333333334
0 0.9392857142857143 0.5183333333333333 0.12142857142857143 0.145
0 0.9476190476190476 0.845 0.10476190476190476 0.16833333333333333
0 0.07738095238095238 0.5466666666666666 0.08452380952380953 0.125
0 0.13690476190476192 0.38166666666666665 0.13095238095238096 0.145
1 0.8166666666666667 0.555 0.14285714285714285 0.15666666666666668
0 0.3047619047619048 0.6066666666666667 0.05476190476190476 0.075
0 0.6464285714285715 0.33666666666666667 0.16785714285714284 0.19333333333333333
0 0.6047619047619047 0.7016666666666667 0.14404761904761904 0.19
0 0.0761904761904762 0.7116666666666667 0.14404761904761904 0.18666666666666668
0 0.8738095238095238 0.78 0.1392857142857143 0.185
0 0.43333333333333335 0.52 0.15595238095238095 0.17333333333333334
0 0.16785714285714284 0.6433333333333333 0.21071428571428572 0.23
0 0.5797619047619048 0.5266666666666666 0.14404761904761904 0.17
0 0.41309523809523807 0.3516666666666667 0.16547619047619047 0.20166666666666666
0 0.7297619047619047 0.8283333333333334 0.17142857142857143 0.21166666666666667