0 0.6345238095238095 0.875 0.05952380952380952 0.08666666666666667
0 0.7119047619047619 0.815 0.09642857142857143 0.16
0 0.7119047619047619 0.39 0.0630952380952381 0.1
0 0.6071428571428571 0.7233333333333334 0.0880952380952381 0.13166666666666665
0 0.6535714285714286 0.6033333333333334 0.08928571428571429 0.12
0 0.7785714285714286 0.5266666666666666 0.06785714285714285 0.09333333333333334
0 0.7285714285714285 0.615 0.09166666666666666 0.14833333333333334
0 0.7738095238095238 0.6633333333333333 0.055952380952380955 0.09
0 0.4642857142857143 0.49666666666666665 0.07857142857142857 0.11166666666666666
0 0.2785714285714286 0.6366666666666667 0.08214285714285714 0.13666666666666666
0 0.35 0.7266666666666667 0.0880952380952381 0.105
0 0.2892857142857143 0.135 0.09642857142857143 0.13833333333333334
0 0.19523809523809524 0.1 0.10119047619047619 0.15333333333333332