0 0.9845238095238096 0.7916666666666666 0.02976190476190476 0.041666666666666664
0 0.013095238095238096 0.4533333333333333 0.025 0.11666666666666667
0 0.7428571428571429 0.3233333333333333 0.0761904761904762 0.04666666666666667
0 0.6488095238095238 0.6966666666666667 0.08452380952380953 0.065
0 0.22380952380952382 0.45 0.05714285714285714 0.11166666666666666
0 0.8940476190476191 0.76 0.06785714285714285 0.07333333333333333
0 0.5678571428571428 0.6966666666666667 0.0880952380952381 0.11666666666666667
1 0.6535714285714286 0.63 0.13214285714285715 0.14333333333333334
0 0.35 0.19333333333333333 0.1488095238095238 0.165
0 0.3869047619047619 0.5966666666666667 0.09642857142857143 0.09666666666666666
0 0.9071428571428571 0.195 0.14761904761904762 0.17
0 0.775 0.575 0.2119047619047619 0.23
0 0.2619047619047619 0.30666666666666664 0.14761904761904762 0.17333333333333334
0 0.2833333333333333 0.4583333333333333 0.1130952380952381 0.17333333333333334
0 0.09523809523809523 0.165 0.15357142857142858 0.17666666666666667
0 0.611904761904762 0.4533333333333333 0.1523809523809524 0.21166666666666667
0 0.13690476190476192 0.35333333333333333 0.1595238095238095 0.19166666666666668
0 0.8773809523809524 0.39666666666666667 0.17023809523809524 0.21
0 0.40595238095238095 0.45666666666666667 0.18928571428571428 0.25666666666666665