1 0.5666666666666667 0.195 0.05238095238095238 0.07
1 0.6297619047619047 0.043333333333333335 0.03214285714285714 0.04
1 0.009523809523809525 0.19333333333333333 0.017857142857142856 0.06833333333333333
0 0.41785714285714287 0.595 0.047619047619047616 0.06
1 0.11904761904761904 0.013333333333333334 0.09404761904761905 0.02666666666666667
0 0.7095238095238096 0.9716666666666667 0.09523809523809523 0.056666666666666664
0 0.02619047619047619 0.015 0.05238095238095238 0.03
1 0.5 0.185 0.06547619047619048 0.055
1 0.530952380952381 0.025 0.06666666666666667 0.05
1 0.05119047619047619 0.6616666666666666 0.10238095238095238 0.13833333333333334
0 0.2654761904761905 0.39666666666666667 0.058333333333333334 0.075
0 0.6857142857142857 0.48833333333333334 0.06428571428571428 0.06666666666666667
0 0.5666666666666667 0.34833333333333333 0.04642857142857143 0.05333333333333334
0 0.5297619047619048 0.13666666666666666 0.05714285714285714 0.07166666666666667
0 0.6714285714285714 0.016666666666666666 0.08928571428571429 0.03333333333333333
0 0.5369047619047619 0.295 0.07142857142857142 0.1
1 0.6059523809523809 0.7983333333333333 0.11190476190476191 0.16
0 0.4738095238095238 0.055 0.06904761904761905 0.1
1 0.8845238095238095 0.12 0.05119047619047619 0.07166666666666667
1 0.49642857142857144 0.2683333333333333 0.0880952380952381 0.12833333333333333
1 0.11666666666666667 0.08166666666666667 0.08928571428571429 0.12166666666666667
0 0.5059523809523809 0.4 0.06785714285714285 0.08833333333333333
1 0.15595238095238095 0.21833333333333332 0.09642857142857143 0.11833333333333333
1 0.6226190476190476 0.315 0.10833333333333334 0.12
1 0.7559523809523809 0.81 0.10714285714285714 0.15
0 0.825 0.755 0.08571428571428572 0.125
1 0.7773809523809524 0.20833333333333334 0.0988095238095238 0.11
1 0.7547619047619047 0.10833333333333334 0.07023809523809524 0.09666666666666666
0 0.694047619047619 0.5683333333333334 0.09523809523809523 0.11
0 0.7857142857142857 0.91 0.12023809523809524 0.14833333333333334
1 0.6523809523809524 0.895 0.15357142857142858 0.21
0 0.9238095238095239 0.275 0.13214285714285715 0.16833333333333333