0 0.02142857142857143 0.7066666666666667 0.041666666666666664 0.06166666666666667
0 0.37976190476190474 0.5133333333333333 0.06547619047619048 0.08666666666666667
0 0.2761904761904762 0.5366666666666666 0.06190476190476191 0.12166666666666667
0 0.7011904761904761 0.415 0.14285714285714285 0.115
0 0.7988095238095239 0.8616666666666667 0.04880952380952381 0.058333333333333334
0 0.780952380952381 0.4216666666666667 0.1 0.135
0 0.7083333333333334 0.7966666666666666 0.04880952380952381 0.075
0 0.11428571428571428 0.4666666666666667 0.08452380952380953 0.16
0 0.29642857142857143 0.2866666666666667 0.12142857142857143 0.15166666666666667
0 0.20357142857142857 0.44166666666666665 0.1392857142857143 0.17833333333333334
0 0.05476190476190476 0.6133333333333333 0.10833333333333334 0.18166666666666667
0 0.10476190476190476 0.31 0.1380952380952381 0.15166666666666667
1 0.7357142857142858 0.7033333333333334 0.13214285714285715 0.11833333333333333
0 0.5773809523809523 0.7866666666666666 0.22142857142857142 0.3
0 0.6916666666666667 0.58 0.21785714285714286 0.24666666666666667
0 0.4011904761904762 0.6466666666666666 0.14761904761904762 0.24333333333333335
0 0.9047619047619048 0.185 0.19047619047619047 0.25
0 0.18928571428571428 0.66 0.18928571428571428 0.24666666666666667