0 0.5321428571428571 0.275 0.07261904761904762 0.1
0 0.5023809523809524 0.165 0.04880952380952381 0.08
0 0.6916666666666667 0.08833333333333333 0.058333333333333334 0.07
1 0.25 0.14833333333333334 0.06428571428571428 0.06166666666666667
0 0.4797619047619048 0.275 0.09761904761904762 0.14666666666666667
0 0.3595238095238095 0.6716666666666666 0.08333333333333333 0.14166666666666666
0 0.4857142857142857 0.6533333333333333 0.0880952380952381 0.12666666666666668
0 0.4238095238095238 0.22 0.07738095238095238 0.10166666666666667
1 0.20833333333333334 0.31666666666666665 0.060714285714285714 0.075
0 0.9547619047619048 0.155 0.08928571428571429 0.15833333333333333
0 0.30952380952380953 0.6733333333333333 0.08452380952380953 0.11
0 0.20238095238095238 0.745 0.07976190476190476 0.10666666666666667
0 0.6523809523809524 0.3466666666666667 0.08452380952380953 0.135
0 0.5154761904761904 0.5016666666666667 0.10952380952380952 0.13833333333333334
0 0.5892857142857143 0.12166666666666667 0.08452380952380953 0.13
0 0.5654761904761905 0.36833333333333335 0.11071428571428571 0.13833333333333334
0 0.4357142857142857 0.3933333333333333 0.09761904761904762 0.12
0 0.2976190476190476 0.7766666666666666 0.12261904761904761 0.14166666666666666