1 0.025 0.38666666666666666 0.039285714285714285 0.04666666666666667
0 0.0380952380952381 0.20666666666666667 0.07142857142857142 0.14
0 0.35714285714285715 0.16833333333333333 0.125 0.14333333333333334
1 0.25 0.05 0.09523809523809523 0.1
0 0.44285714285714284 0.19666666666666666 0.07380952380952381 0.11333333333333333
1 0.04047619047619048 0.39166666666666666 0.041666666666666664 0.05
1 0.919047619047619 0.31166666666666665 0.0630952380952381 0.06166666666666667
1 0.9845238095238096 0.41 0.02857142857142857 0.115
1 0.9261904761904762 0.4066666666666667 0.09166666666666666 0.09333333333333334
0 0.1380952380952381 0.05333333333333334 0.0869047619047619 0.10166666666666667
1 0.7035714285714286 0.175 0.05238095238095238 0.07833333333333334
0 0.7142857142857143 0.695 0.16666666666666666 0.15333333333333332
1 0.48928571428571427 0.051666666666666666 0.1392857142857143 0.10333333333333333
1 0.5226190476190476 0.14333333333333334 0.1595238095238095 0.19333333333333333
0 0.8464285714285714 0.6333333333333333 0.21666666666666667 0.2683333333333333
1 0.7690476190476191 0.15833333333333333 0.06785714285714285 0.09166666666666666
0 0.6785714285714286 0.535 0.1595238095238095 0.2
0 0.5416666666666666 0.7316666666666667 0.16547619047619047 0.21833333333333332
1 0.28214285714285714 0.6933333333333334 0.07142857142857142 0.07833333333333334
1 0.4523809523809524 0.12333333333333334 0.058333333333333334 0.095