0 0.04523809523809524 0.3566666666666667 0.06428571428571428 0.11666666666666667
0 0.09523809523809523 0.37666666666666665 0.07261904761904762 0.10666666666666667
0 0.15714285714285714 0.5083333333333333 0.10833333333333334 0.16
0 0.18571428571428572 0.6116666666666667 0.05238095238095238 0.07166666666666667
0 0.3047619047619048 0.6216666666666667 0.08571428571428572 0.12666666666666668
0 0.23333333333333334 0.5933333333333334 0.06428571428571428 0.12833333333333333
0 0.37857142857142856 0.5716666666666667 0.06428571428571428 0.12666666666666668
0 0.45714285714285713 0.515 0.13095238095238096 0.18666666666666668
0 0.5726190476190476 0.45 0.08214285714285714 0.135
0 0.6714285714285714 0.32166666666666666 0.09285714285714286 0.14
0 0.7880952380952381 0.5916666666666667 0.10714285714285714 0.165
0 0.8928571428571429 0.53 0.06547619047619048 0.13166666666666665
0 0.8464285714285714 0.6833333333333333 0.09166666666666666 0.13166666666666665
0 0.9607142857142857 0.5683333333333334 0.07857142857142857 0.14333333333333334