1 0.30833333333333335 0.9016666666666666 0.1880952380952381 0.195
0 0.861904761904762 0.9016666666666666 0.07738095238095238 0.11166666666666666
1 0.9428571428571428 0.07666666666666666 0.03571428571428571 0.05333333333333334
1 0.919047619047619 0.07166666666666667 0.03571428571428571 0.051666666666666666
1 0.6452380952380953 0.05333333333333334 0.05238095238095238 0.065
1 0.8785714285714286 0.08166666666666667 0.041666666666666664 0.04833333333333333
1 0.8833333333333333 0.03166666666666667 0.05238095238095238 0.06333333333333334
1 0.29523809523809524 0.31833333333333336 0.13690476190476192 0.14
1 0.33690476190476193 0.7333333333333333 0.14404761904761904 0.14333333333333334
1 0.13095238095238096 0.5966666666666667 0.14523809523809525 0.19833333333333333
1 0.16666666666666666 0.8133333333333334 0.1976190476190476 0.21666666666666667
1 0.4785714285714286 0.27166666666666667 0.09523809523809523 0.10666666666666667
1 0.24285714285714285 0.66 0.060714285714285714 0.11833333333333333
1 0.8285714285714286 0.15166666666666667 0.07380952380952381 0.06333333333333334