1 0.4583333333333333 0.7083333333333334 0.058333333333333334 0.07833333333333334
1 0.8642857142857143 0.49666666666666665 0.075 0.085
0 0.0761904761904762 0.8266666666666667 0.07380952380952381 0.1
0 0.14404761904761904 0.8616666666666667 0.0630952380952381 0.095
1 0.7690476190476191 0.4583333333333333 0.075 0.095
0 0.7035714285714286 0.25833333333333336 0.05714285714285714 0.075
0 0.7238095238095238 0.365 0.07380952380952381 0.11166666666666666
1 0.7988095238095239 0.36833333333333335 0.09047619047619047 0.11
1 0.9714285714285714 0.39 0.055952380952380955 0.11
1 0.4154761904761905 0.6016666666666667 0.1130952380952381 0.14666666666666667
1 0.8583333333333333 0.17166666666666666 0.08095238095238096 0.10333333333333333
1 0.1 0.7416666666666667 0.12976190476190477 0.14166666666666666
1 0.7988095238095239 0.7716666666666666 0.14761904761904762 0.195
1 0.48095238095238096 0.5066666666666667 0.08333333333333333 0.10333333333333333
1 0.24166666666666667 0.5866666666666667 0.07738095238095238 0.07166666666666667