1 0.9654761904761905 0.5866666666666667 0.06785714285714285 0.15
1 0.9119047619047619 0.6366666666666667 0.05714285714285714 0.08666666666666667
0 0.5595238095238095 0.265 0.05 0.06833333333333333
1 0.26904761904761904 0.57 0.1357142857142857 0.13666666666666666
1 0.8595238095238096 0.7033333333333334 0.0880952380952381 0.12833333333333333
0 0.34285714285714286 0.46166666666666667 0.055952380952380955 0.075
1 0.7666666666666667 0.565 0.07023809523809524 0.10166666666666667
1 0.6535714285714286 0.6016666666666667 0.09642857142857143 0.145
1 0.24761904761904763 0.6983333333333334 0.1630952380952381 0.20833333333333334
1 0.6880952380952381 0.7133333333333334 0.07738095238095238 0.105
1 0.6035714285714285 0.415 0.09047619047619047 0.11