0 0.7702380952380953 0.30333333333333334 0.15833333333333333 0.19333333333333333
0 0.07738095238095238 0.4083333333333333 0.0380952380952381 0.04833333333333333
0 0.6333333333333333 0.30333333333333334 0.07261904761904762 0.11666666666666667
0 0.33690476190476193 0.9466666666666667 0.11904761904761904 0.095
0 0.2785714285714286 0.49 0.1261904761904762 0.19333333333333333
0 0.9821428571428571 0.7666666666666667 0.034523809523809526 0.09
0 0.030952380952380953 0.395 0.060714285714285714 0.06333333333333334
0 0.43452380952380953 0.30333333333333334 0.08095238095238096 0.09333333333333334
0 0.9273809523809524 0.7666666666666667 0.07380952380952381 0.09333333333333334
0 0.6702380952380952 0.11333333333333333 0.10357142857142858 0.16333333333333333
0 0.40714285714285714 0.8016666666666666 0.11666666666666667 0.2
0 0.21785714285714286 0.48 0.15476190476190477 0.19166666666666668
0 0.6607142857142857 0.59 0.12142857142857143 0.14833333333333334
0 0.1630952380952381 0.325 0.15357142857142858 0.19333333333333333
0 0.5416666666666666 0.5816666666666667 0.13214285714285715 0.17
0 0.20714285714285716 0.8966666666666666 0.1976190476190476 0.20666666666666667