1 0.27380952380952384 0.49666666666666665 0.05476190476190476 0.043333333333333335
1 0.4785714285714286 0.945 0.10476190476190476 0.10666666666666667
1 0.19285714285714287 0.4633333333333333 0.06904761904761905 0.065
1 0.29642857142857143 0.03166666666666667 0.05238095238095238 0.06333333333333334
0 0.27976190476190477 0.075 0.04523809523809524 0.06666666666666667
1 0.03333333333333333 0.51 0.06666666666666667 0.12666666666666668
1 0.9261904761904762 0.4816666666666667 0.08214285714285714 0.145
1 0.6904761904761905 0.42833333333333334 0.10357142857142858 0.15333333333333332
0 0.05 0.69 0.1 0.14666666666666667
1 0.8797619047619047 0.6066666666666667 0.1261904761904762 0.13166666666666665
1 0.430952380952381 0.7233333333333334 0.10952380952380952 0.15833333333333333
1 0.4928571428571429 0.32 0.09404761904761905 0.12666666666666668
1 0.8333333333333334 0.48 0.11785714285714285 0.15
1 0.6428571428571429 0.48333333333333334 0.15476190476190477 0.21166666666666667
0 0.21428571428571427 0.7633333333333333 0.1880952380952381 0.2
1 0.5404761904761904 0.465 0.13452380952380952 0.21166666666666667
1 0.22380952380952382 0.5883333333333334 0.175 0.19833333333333333
1 0.319047619047619 0.43666666666666665 0.10714285714285714 0.12833333333333333
1 0.8023809523809524 0.175 0.06785714285714285 0.07333333333333333
1 0.530952380952381 0.205 0.05357142857142857 0.051666666666666666
1 0.6785714285714286 0.018333333333333333 0.03571428571428571 0.03666666666666667
1 0.9666666666666667 0.8316666666666667 0.036904761904761905 0.04833333333333333
1 0.15714285714285714 0.405 0.04285714285714286 0.065
1 0.11190476190476191 0.725 0.02976190476190476 0.03333333333333333