0 0.5261904761904762 0.8466666666666667 0.11547619047619048 0.155
0 0.7714285714285715 0.64 0.07023809523809524 0.09833333333333333
0 0.8428571428571429 0.25166666666666665 0.05476190476190476 0.07
0 0.8023809523809524 0.355 0.06785714285714285 0.08833333333333333
0 0.7285714285714285 0.10833333333333334 0.06666666666666667 0.08833333333333333
0 0.6464285714285715 0.075 0.055952380952380955 0.08166666666666667
0 0.6023809523809524 0.12333333333333334 0.05 0.07333333333333333
0 0.5488095238095239 0.095 0.05119047619047619 0.08166666666666667
0 0.669047619047619 0.54 0.06190476190476191 0.09333333333333334
0 0.6130952380952381 0.48333333333333334 0.06785714285714285 0.105
0 0.5928571428571429 0.5683333333333334 0.05476190476190476 0.07333333333333333
0 0.47619047619047616 0.5683333333333334 0.08095238095238096 0.11166666666666666
0 0.4595238095238095 0.435 0.07976190476190476 0.095
0 0.4 0.58 0.07261904761904762 0.08833333333333333
0 0.3904761904761905 0.73 0.05476190476190476 0.07
0 0.4119047619047619 0.8766666666666667 0.05714285714285714 0.07833333333333334
0 0.4642857142857143 0.8883333333333333 0.05476190476190476 0.07166666666666667
0 0.45595238095238094 0.6833333333333333 0.06666666666666667 0.105
0 0.5904761904761905 0.6016666666666667 0.07380952380952381 0.10833333333333334
0 0.6738095238095239 0.7583333333333333 0.04880952380952381 0.06833333333333333