0 0.6059523809523809 0.7533333333333333 0.09404761904761905 0.14166666666666666
0 0.7321428571428571 0.825 0.10595238095238095 0.16
0 0.8130952380952381 0.7583333333333333 0.0869047619047619 0.13
0 0.8678571428571429 0.59 0.0880952380952381 0.13166666666666665
0 0.5214285714285715 0.845 0.09166666666666666 0.13833333333333334
0 0.611904761904762 0.8883333333333333 0.0761904761904762 0.115
0 0.6547619047619048 0.83 0.05 0.075
0 0.5297619047619048 0.7033333333333334 0.10119047619047619 0.15166666666666667
0 0.3976190476190476 0.605 0.05476190476190476 0.08333333333333333
0 0.34523809523809523 0.5533333333333333 0.04523809523809524 0.06833333333333333
0 0.8345238095238096 0.4483333333333333 0.05 0.075
0 0.930952380952381 0.7983333333333333 0.09404761904761905 0.14
0 0.38452380952380955 0.13666666666666666 0.0761904761904762 0.115
0 0.6535714285714286 0.11833333333333333 0.0869047619047619 0.13
0 0.3261904761904762 0.11 0.05357142857142857 0.08666666666666667
0 0.10595238095238095 0.38 0.06547619047619048 0.09
0 0.23095238095238096 0.5533333333333333 0.06904761904761905 0.10166666666666667
0 0.2702380952380952 0.6333333333333333 0.10357142857142858 0.12833333333333333
0 0.8726190476190476 0.375 0.0761904761904762 0.125