1 0.8464285714285714 0.46166666666666667 0.08333333333333333 0.095
1 0.8642857142857143 0.14166666666666666 0.05476190476190476 0.105
1 0.9178571428571428 0.22833333333333333 0.07261904761904762 0.10666666666666667
1 0.7964285714285714 0.5083333333333333 0.09523809523809523 0.09666666666666666
1 0.15833333333333333 0.15 0.055952380952380955 0.085
1 0.05357142857142857 0.10333333333333333 0.06547619047619048 0.095
1 0.6452380952380953 0.7516666666666667 0.11666666666666667 0.145
1 0.8464285714285714 0.24333333333333335 0.09523809523809523 0.10833333333333334
1 0.525 0.905 0.1261904761904762 0.15
1 0.575 0.835 0.0988095238095238 0.135
1 0.9226190476190477 0.4 0.09047619047619047 0.10666666666666667
1 0.09166666666666666 0.16333333333333333 0.08333333333333333 0.1
0 0.24047619047619048 0.785 0.1357142857142857 0.16666666666666666
1 0.1976190476190476 0.6883333333333334 0.13214285714285715 0.17
1 0.8095238095238095 0.14 0.09642857142857143 0.14333333333333334
1 0.28809523809523807 0.4533333333333333 0.12261904761904761 0.17333333333333334
1 0.3416666666666667 0.9183333333333333 0.125 0.16333333333333333
1 0.18095238095238095 0.37 0.1488095238095238 0.185
1 0.5761904761904761 0.5383333333333333 0.10476190476190476 0.13666666666666666
1 0.02619047619047619 0.023333333333333334 0.05238095238095238 0.04666666666666667