0 0.19523809523809524 0.36833333333333335 0.11428571428571428 0.14666666666666667
0 0.1869047619047619 0.265 0.0630952380952381 0.07
0 0.8035714285714286 0.4683333333333333 0.10833333333333334 0.15166666666666667
0 0.6630952380952381 0.47333333333333333 0.0988095238095238 0.14833333333333334
0 0.7357142857142858 0.49333333333333335 0.04880952380952381 0.09166666666666666
0 0.7023809523809523 0.5733333333333334 0.08095238095238096 0.12666666666666668
0 0.7 0.395 0.09404761904761905 0.16333333333333333
0 0.5797619047619048 0.38666666666666666 0.09047619047619047 0.135
0 0.5988095238095238 0.52 0.06785714285714285 0.14
0 0.6392857142857142 0.565 0.05119047619047619 0.085
0 0.4928571428571429 0.2833333333333333 0.06785714285714285 0.11666666666666667
0 0.430952380952381 0.23666666666666666 0.08452380952380953 0.11833333333333333
0 0.35595238095238096 0.2783333333333333 0.07380952380952381 0.15666666666666668