1 0.16071428571428573 0.765 0.22023809523809523 0.3
1 0.7952380952380952 0.7966666666666666 0.2011904761904762 0.235
1 0.655952380952381 0.58 0.0988095238095238 0.14166666666666666
0 0.5226190476190476 0.14833333333333334 0.07976190476190476 0.1
0 0.6404761904761904 0.06 0.12380952380952381 0.115
0 0.5880952380952381 0.6966666666666667 0.16428571428571428 0.22166666666666668
1 0.5380952380952381 0.045 0.11190476190476191 0.08833333333333333
0 0.6869047619047619 0.4716666666666667 0.1130952380952381 0.155
0 0.4107142857142857 0.49 0.13095238095238096 0.19166666666666668
0 0.39285714285714285 0.7083333333333334 0.14285714285714285 0.20166666666666666
0 0.5273809523809524 0.5 0.17023809523809524 0.235
0 0.2785714285714286 0.5716666666666667 0.17976190476190476 0.22666666666666666
1 0.8214285714285714 0.59 0.13690476190476192 0.23
1 0.6214285714285714 0.17333333333333334 0.09761904761904762 0.12833333333333333