0 0.736904761904762 0.085 0.08214285714285714 0.09833333333333333
1 0.225 0.41 0.06904761904761905 0.12166666666666667
1 0.2988095238095238 0.715 0.09285714285714286 0.125
1 0.2488095238095238 0.605 0.1380952380952381 0.17166666666666666
1 0.8166666666666667 0.46166666666666667 0.0761904761904762 0.115
0 0.5476190476190477 0.235 0.0869047619047619 0.09166666666666666
1 0.3904761904761905 0.7366666666666667 0.09047619047619047 0.16
0 0.49166666666666664 0.15333333333333332 0.060714285714285714 0.08
0 0.6523809523809524 0.12333333333333334 0.11071428571428571 0.14666666666666667
1 0.3357142857142857 0.82 0.09642857142857143 0.145
1 0.1619047619047619 0.49 0.125 0.16833333333333333
1 0.3464285714285714 0.075 0.05714285714285714 0.06166666666666667
1 0.27976190476190477 0.03833333333333333 0.055952380952380955 0.06
1 0.8833333333333333 0.02 0.06190476190476191 0.04
1 0.8154761904761905 0.375 0.07857142857142857 0.065