1 0.17023809523809524 0.21 0.036904761904761905 0.04833333333333333
1 0.2011904761904762 0.195 0.047619047619047616 0.06666666666666667
1 0.45714285714285713 0.22333333333333333 0.04523809523809524 0.056666666666666664
1 0.8404761904761905 0.43666666666666665 0.05238095238095238 0.06
0 0.9428571428571428 0.135 0.041666666666666664 0.04833333333333333
1 0.48214285714285715 0.31333333333333335 0.09047619047619047 0.115
1 0.9095238095238095 0.6733333333333333 0.13452380952380952 0.16
1 0.6309523809523809 0.6633333333333333 0.06666666666666667 0.09333333333333334
0 0.9785714285714285 0.3433333333333333 0.041666666666666664 0.07833333333333334
1 0.07023809523809524 0.6833333333333333 0.055952380952380955 0.07
0 0.8773809523809524 0.5383333333333333 0.06428571428571428 0.08166666666666667
0 0.09404761904761905 0.095 0.04285714285714286 0.07833333333333334
1 0.669047619047619 0.09333333333333334 0.06428571428571428 0.07333333333333333
0 0.30238095238095236 0.7466666666666667 0.10119047619047619 0.13
1 0.5285714285714286 0.16166666666666665 0.07142857142857142 0.08
1 0.5523809523809524 0.5866666666666667 0.0630952380952381 0.08666666666666667
1 0.2892857142857143 0.82 0.0880952380952381 0.08666666666666667
0 0.6952380952380952 0.05333333333333334 0.06428571428571428 0.085
0 0.039285714285714285 0.155 0.05357142857142857 0.06666666666666667
0 0.7880952380952381 0.64 0.10714285714285714 0.165
1 0.3619047619047619 0.6883333333333334 0.11547619047619048 0.16166666666666665
1 0.5166666666666667 0.22333333333333333 0.075 0.09
1 0.5095238095238095 0.36 0.09642857142857143 0.12833333333333333
1 0.5595238095238095 0.25833333333333336 0.07261904761904762 0.10166666666666667
1 0.7607142857142857 0.08666666666666667 0.07857142857142857 0.085
0 0.2488095238095238 0.9233333333333333 0.12380952380952381 0.15333333333333332
1 0.4166666666666667 0.3983333333333333 0.11071428571428571 0.16
1 0.34404761904761905 0.3566666666666667 0.07380952380952381 0.09833333333333333
1 0.14642857142857144 0.6766666666666666 0.0630952380952381 0.075
0 0.45714285714285713 0.7433333333333333 0.11785714285714285 0.15333333333333332
0 0.27976190476190477 0.555 0.08571428571428572 0.105