1 0.530952380952381 0.9766666666666667 0.05238095238095238 0.04666666666666667
1 0.3738095238095238 0.06333333333333334 0.06190476190476191 0.10166666666666667
1 0.11190476190476191 0.11 0.09047619047619047 0.105
1 0.29285714285714287 0.03166666666666667 0.08928571428571429 0.06166666666666667
1 0.6976190476190476 0.24166666666666667 0.0761904761904762 0.07166666666666667
1 0.0869047619047619 0.235 0.08333333333333333 0.09666666666666666
1 0.8547619047619047 0.165 0.08214285714285714 0.155
1 0.15357142857142858 0.8666666666666667 0.08095238095238096 0.12
1 0.10833333333333334 0.9233333333333333 0.07023809523809524 0.105
1 0.6773809523809524 0.115 0.09523809523809523 0.135
1 0.8047619047619048 0.15833333333333333 0.09761904761904762 0.13833333333333334
1 0.1773809523809524 0.18 0.09761904761904762 0.135
1 0.8011904761904762 0.8616666666666667 0.1488095238095238 0.19333333333333333
1 0.6190476190476191 0.33 0.1 0.14666666666666667
1 0.775 0.705 0.13333333333333333 0.165
1 0.12976190476190477 0.29333333333333333 0.10833333333333334 0.13333333333333333
0 0.9071428571428571 0.53 0.1380952380952381 0.125
1 0.9452380952380952 0.355 0.10952380952380952 0.15333333333333332
1 0.9023809523809524 0.64 0.13214285714285715 0.15833333333333333
1 0.30714285714285716 0.06833333333333333 0.08214285714285714 0.09833333333333333