0 0.8738095238095238 0.375 0.08214285714285714 0.13833333333333334
0 0.8035714285714286 0.235 0.060714285714285714 0.06333333333333334
0 0.08928571428571429 0.9566666666666667 0.07380952380952381 0.07666666666666666
0 0.5738095238095238 0.7116666666666667 0.0380952380952381 0.06666666666666667
0 0.9476190476190476 0.315 0.10357142857142858 0.125
0 0.33214285714285713 0.38333333333333336 0.0988095238095238 0.11666666666666667
0 0.16785714285714284 0.9583333333333334 0.07142857142857142 0.08333333333333333
0 0.5404761904761904 0.36833333333333335 0.10238095238095238 0.11
0 0.9047619047619048 0.43666666666666665 0.10119047619047619 0.13
0 0.8845238095238095 0.12833333333333333 0.10476190476190476 0.10833333333333334
0 0.07142857142857142 0.5783333333333334 0.13095238095238096 0.16166666666666665
0 0.14047619047619048 0.87 0.11785714285714285 0.13
0 0.6059523809523809 0.11166666666666666 0.13452380952380952 0.165
0 0.8130952380952381 0.41 0.15119047619047618 0.17666666666666667
0 0.4880952380952381 0.28833333333333333 0.1488095238095238 0.185
0 0.10476190476190476 0.36 0.14523809523809525 0.15333333333333332
0 0.1488095238095238 0.705 0.20357142857142857 0.23333333333333334
0 0.6773809523809524 0.39666666666666667 0.1261904761904762 0.15666666666666668
0 0.24523809523809523 0.525 0.22857142857142856 0.26
0 0.6142857142857143 0.25833333333333336 0.12738095238095237 0.16333333333333333
0 0.4642857142857143 0.1 0.1523809523809524 0.19666666666666666